0.00150175189972
0.667167657678
0.607390474522
0.543446715744
0.509528562151
0.462689801933
0.548041527383
0.485480680529
0.471465977494
0.429044461645
0.414977627032
0.391786992218
0.413764653619
0.377512292445
0.386424887531
0.377808604259
0.559047804654
0.47975565926
0.471156888753
0.444356180556
0.414002226893
0.445601601429
0.395592758067
0.405141240187
0.393443881657
0.402896004733
0.642959862337
0.560332619518
0.521306279026
0.503358741105
0.481982249506
0.463878946543
0.447135401793
0.450652474821
0.452023557574
0.440793422125
0.667562332526
0.598664564319
0.566165606678
0.540508468986
0.519237255737
0.504458659768
0.509897904091
0.494523821667
0.489924692348
0.484613096662
0.708395565301
0.629735489458
0.606284020737
0.611521375395
0.589658798933
0.591756015286
0.566201599248
0.580110657476
0.548246011794
0.554881627768
0.703814132199
0.64912800169
0.636867960349
0.638194481835
0.635428966567
0.605814450562
0.611975655578
0.589168908156
0.568547705546
0.555049621783
0.789589122877
0.721371971801
0.711509406239
0.698980081722
0.652866647288
0.650504625559
0.649108138621
0.646041648775
0.652918330893
0.632214560054
0.920038829327
0.81901449725
0.834619350418
0.791368493706
0.779513547897
0.753752053067
0.740977073163
0.764168587551
0.752022086874
0.741416659176
0.897405315161
0.874349100485
0.845226328462
0.831421412468
0.829017383218
0.807311386973
0.797178086311
0.788199522436
0.785164698869
0.787743928358
0.945410449624
0.898955071598
0.881490904644
0.858710985407
0.840460550547
0.832172868848
0.856681286618
0.80160960798
0.813141954422
0.779291481212
1.01015530914
0.96987867181
0.89857460469
0.924699194729
0.898129568815
0.867105858982
0.877289035946
0.880616580158
0.848957192466
0.840501237467
1.00166888076
0.9326987786
0.899599240541
0.926459128588
0.885118204042
0.891726274326
0.867015491799
0.864557997808
0.861983192772
0.856211919621
0.99350533624
0.982014287367
0.945682087228
0.988860415772
0.921501370609
0.96144545041
0.907809341103
0.918755874276
0.909761198655
0.901785318509
1.10894806413
1.11624845605
1.08466385534
1.02352426788
1.00904439764
1.03911045018
1.0246737504
0.998846848056
0.989664390758
1.02616589543
1.16548387995
1.13653817871
1.10174898198
1.10054996029
1.08127516627
1.08344333941
1.03677946801
1.06000620322
1.05398445174
1.00952161542
1.19537521404
1.18149997202
1.148615226
1.12623474225
1.17217717034
1.09945812544
1.10639964154
1.07883016995
1.11614096534
1.11827276115
1.24161913723
1.22405675393
1.22019396392
1.17189149868
1.19819919768
1.16578369939
1.20221176727
1.1883087073
1.12494103214
1.15375638065
1.33949963316
1.26807922855
1.30880195168
1.28980302033
1.27575948834
1.21331749398
1.21399068528
1.21250221473
1.22483559999
1.22990521815
1.38143344387
1.39742764539
1.36498072103
1.36060430217
1.35546949163
1.30894009548
1.33886318918
1.32122933906
1.31164172435
1.29566794908
1.55525312105
1.47135573587
1.44445728305
1.47774452305
1.45472216442
1.39459164891
1.41399822348
1.36920151839
1.39863753632
1.41421199408
1.53607328969
1.56210329092
1.51938473761
1.50594522673
1.51900164303
1.43199572384
1.48283371183
1.43762113258
1.49703430623
1.45459784168
1.70261966592
1.62747287053
1.59715876153
1.60683505112
1.60295891774
1.5718446404
1.57828263636
1.56637190485
1.55841047046
1.60427801019
1.71530162036
1.69353076959
1.70934206247
1.64218827137
1.68786857736
1.63831927052
1.66543620557
1.63789597964
1.60065313324
1.71401521504
1.77577539644
1.76292124584
1.72127405015
1.76576464537
1.72603684616
1.77069435698
1.70390585321
1.71184447676
1.70713685954
1.6980152421
1.8202038171
1.86746693438
1.84473845127
1.82978630137
1.74152177638
1.84448179957
1.79254011828
1.79027152419
1.77651526043
1.70397322685
1.89683488637
1.88480254969
1.80768677151
1.89451540959
1.88275776058
1.80499245033
1.89824535143
1.79257567483
1.81743750533
1.76793616948
1.97123044384
2.03676149878
1.97753604379
1.97159072345
1.95035283583
1.9243635858
1.93891652438
1.96114664516
1.97374791259
1.81781322321
2.07580066335
1.98768531722
2.08592478222
1.97166555774
2.01215758133
1.97396787998
2.01760069227
1.99003820068
1.99714093757
1.84281159139
2.11535718149
2.17816233426
2.08299311614
2.1233661117
2.11260497743
2.05239006495
2.03351446891
2.05962439558
2.04428065616
2.11679020405
2.29909101474
2.18228545043
2.09446309167
2.19162132978
2.23213320979
2.19804152554
2.15942275527
2.14933560348
2.08606557381
2.19554547152
2.27948281026
2.27404202312
2.31545085257
2.30139807594
2.27605051106
2.34442687726
2.25498095405
2.217447357
2.27956995296
2.21282556018
2.40095438713
2.37267430651
2.37853946286
2.36268944377
2.4369890376
2.29048446667
2.36724151832
2.36838685238
2.3762373324
2.27013714898
2.45884041721
2.46166356337
2.41524903679
2.47177088881
2.41793146205
2.4578076506
2.41604356346
2.41695090207
2.42024629319
2.41246598434
2.48009978455
2.49649674708
2.564165582
2.48522314298
2.51750334382
2.55535321492
2.54570754629
2.48210025617
2.45888958326
2.45814637697
2.59318206197
2.72824117368
2.71710685813
2.64607783335
2.62678705472
2.59499827802
2.5987595982
2.60942299742
2.56138961911
2.6481736778
2.67802805179
2.79070328015
2.73032635313
2.68887936014
2.75835891867
2.83931481874
2.79178934747
2.72627052087
2.75576270401
2.5734894706
2.78625031638
2.79800112921
2.67451690978
2.68883103573
2.74308605856
2.77407161695
2.7101378414
2.69157900888
2.70407070601
2.69438110304
2.92318606699
2.89460960013
2.83143563515
2.96441405606
2.81541101509
2.71928951424
2.8153993327
2.9651180557
2.70967815018
2.7609861992
3.00383687139
2.87327652091
3.04368948764
3.00029641956
2.89706285271
2.93991677767
2.95320482999
2.91185245758
2.95674276209
2.91306659305
2.94373521972
3.14799579674
3.06273082501
3.13346969914
3.01881181818
3.03014887029
2.88261487371
3.00943840802
3.01731737214
2.93993784022
3.24242851937
3.20934717211
3.1136818223
3.22321623147
3.14960823095
3.23120705712
3.0798095994
3.18055025327
3.15186233824
3.23369528079
3.16393348473
3.11471844625
3.2289278602
3.33825267804
3.20746126997
3.26792711759
3.26959303403
3.26859454101
3.20894449848
3.09402553856
3.19668833363
3.4161580292
3.32090091056
3.28329219693
3.35394421792
3.29466322362
3.25732647485
3.29371075237
3.14887723666
3.32032944858
3.31303245574
3.45093145239
3.2959868412
3.37180454069
3.40385392439
3.39170111203
3.42503514826
3.31298807251
3.20393896133
3.36856167525
3.27189358503
3.34301244301
3.35368424374
3.37651879227
3.3728770321
3.57040387392
3.4676417188
3.47734627867
3.43199301594
3.36083094639
3.45119245839
3.37573362532
3.41825363618
3.46846667683
3.46560767335
3.35003780544
3.47087780869
3.20247644621
3.3662461369
3.28259558547
3.26502519315
3.44777214718
3.44155472666
3.38630187744
3.58204532099
3.40437106144
3.61916672701
3.45084750026
3.51690229571
3.5130657627
3.3206497708
3.49512125856
3.35211889654
3.45286463201
3.48932657248
3.3642067126
3.53186926746
3.49127732962
3.39915852582
3.63189276254
3.48668527001
3.56460023111
3.601131576
3.58952502495
3.56707450765
3.5382381106
3.40947499222
3.50994473737
3.62404068792
3.43985716629
3.48472494465
3.55025240636
3.54393635494
3.66151192713
3.71245255649
3.51555257463
3.59962298089
3.58106134933
3.5702802949
3.56721281534
3.79296068841
3.7163095454
3.80053827733
3.62653721613
3.74112972027
3.74485950994
3.7511731953
3.75050572997
3.69039429945
3.80088158959
3.68433813566
3.81796218407
3.77268663442
3.84225653225
3.69611806959
3.69786890936
3.74419241315
3.66146200657
3.72706809616
3.72305584419
3.72901055473
3.75291536301
3.59698647988
3.74448996794
3.79949833071
3.76253530282
3.82898094881
3.83810814774
3.79630269724
3.80209880203
3.79178288931
3.77609291548
3.80774405068
3.82526198453
3.86194400138
3.72251987475
3.79086281526
3.90270647538
3.72458502877
3.62148483545
3.72810804111
3.85667897445
3.85843984401
3.90627364868
3.90874615723
3.79174248248
3.85371543145
3.80932855999
4.04046427602
3.82121978962
3.85403649694
3.89098341435
4.10920740205
3.94473081654
4.01387850666
3.99035891134
3.92399942136
3.87782848126
3.97337041777
3.98659980619
3.98245850122
3.92197075498
3.80611074126
4.13807145709
4.11914312255
4.03700146085
4.0336210748
4.01838226992
3.96427041256
4.09933151448
4.13370151812
4.03670513308
4.05745752358
4.15107605237
4.05404847813
4.30272084481
4.1144495647
4.08755143273
3.95143444341
4.22996472692
4.10637174505
4.22932220775
4.34396445423
4.14164114225
4.25194921052
4.17099115741
4.1606380254
4.36115041649
4.20713093704
4.00036826563
4.32110936576
4.18696968544
4.39765019101
4.14915354007
4.20431363344
4.31958905208
4.33722483832
4.36638776302
4.44817319304
4.27790311927
4.25879620916
4.35355052155
4.23511665547
4.39654198611
4.41530512577
4.34414113545
4.16562795162
4.29455647385
4.40335139418
4.1428802163
4.14509143782
4.11467290443
4.38548857951
4.22682005447
4.29215724903
4.35786111635
4.42596295166
4.25355336446
4.31128503525
4.23266365671
4.27584769532
4.3068290922
4.42046279895
4.26981415766
4.50524176019
4.3538259303
4.18208643639
4.49792999226
4.24012296641
4.40403672105
4.51296708107
4.31413845491
4.35667593825
4.24606253606
4.47899892718
4.40500119489
4.50434389704
4.34051874024
4.42722324079
4.33608222443
4.19893950176
4.39342984641
4.24788421434
4.39781282485
4.45608750486
4.37632876539
4.41849249697
4.48119839078
4.49077403069
4.43907284188
4.30013319856
4.35395827258
4.51199839532
4.51423658156
4.22183153331
4.47656038058
4.46954952371
4.47896497905
4.60353326255
4.43812470394
4.40913785154
4.38622354847
4.567726538
4.51999293274
4.44560248619
4.42791900939
4.47875255841
4.32571455374
4.66744146609
4.19843238205
4.41053928614
4.57030113906
4.43295254779
4.71476359284
4.57686130029
4.49103527099
4.45779438078
4.65926556242
4.55738502777
4.53971145135
4.46839299613
4.44330221665
4.40887575924
4.47604630601
4.54560025132
4.73333730286
4.58116696334
4.68901370025
4.68441066343
4.46457915419
4.28997566056
4.43318581933
4.68141374665
4.66819842982
4.72196479708
4.60443432689
4.63003380835
4.42944362783
4.52107262576
4.55584305346
4.43100676781
4.54193943131
4.66760010594
4.44026386869
4.62312493783
4.52336479503
4.54732630616
4.39738655078
4.58526268756
4.48439446801
4.33453890169
4.44484943914
4.6565240109
4.733202878
4.62698894131
4.54531862152
4.59932162577
4.61172608387
4.41169265729
4.47924521649
4.46531161028
4.54913418007
4.57627785861
4.60691605324
4.63437438512
4.51585138541
4.65310921586
4.49395570719
4.63754613864
4.62122262216
4.65073688012
4.70101498342
4.61445850271
4.56471245009
4.65785364765
4.79519970489
4.66096882981
4.59165062022
4.80898289484
4.93499780273
4.62162042999
4.66261116272
4.69673658478
4.83738048166
4.7260785501
4.54973338985
4.73965796441
4.59085753781
4.62806489104
4.58623690325
4.4270195415
4.87356163859
4.67955951828
4.6441749537
4.62063060081
4.64509275842
4.58030230629
4.60773315632
4.56469003785
4.69519211012
4.43288950586
4.48871754223
4.4646674853
4.63069948798
4.50733140993
4.69383350867
4.67407563311
4.7285171746
4.78358966291
4.7968132661
4.52749237013
4.7625985201
4.93933622766
4.76531883299
4.78506084901
4.68211775899
4.86176100397
4.86241370356
4.6057844258
4.75592543018
4.55381028134
4.55921243161
4.58002432096
4.591064803
4.83813308305
4.72610671133
4.63646556401
4.5841631757
4.4974367224
4.87692205513
4.44807310432
4.76489504278
4.84384352261
4.71611002278
4.66741186047
4.80375985861
4.62602493733
4.68674250573
4.48321410942
4.81532267749
4.44583099598
4.64659021425
4.7975536077
4.71344112414
4.86982403266
4.63521783173
4.75204747003
4.5686269744
4.8277000668
4.88333793187
4.61712456816
4.57896501917
4.81002190125
4.86933548224
4.86298884344
4.83048372424
4.7213142184
4.86745816469
4.72760895288
4.9234885028
4.65428537458
4.69580255926
4.70786243612
4.90876090693
4.73577731264
4.85659893042
4.69207075477
4.79473106241
4.81896069026
4.82406034744
4.5665867691
4.89255159301
4.84216234744
4.97080745834
4.98775120413
4.93471485925
4.69148805916
4.84700976121
4.83198856461
4.76430442345
4.78947476536
4.90792144871
4.89059632689
4.89152021545
4.83972764611
4.92339669377
4.96110962367
4.73650612235
4.89315258288
4.90087189382
4.93482874453
4.8475147146
4.94728255409
5.02481132531
5.02745857179
5.00104757345
4.93808661497
5.01593476033
5.13720923251
5.00828334272
4.68698763883
5.06154922628
5.07644637775
5.06642264783
4.95012445265
4.75493060637
4.94818601334
4.9779281106
4.9778241716
4.93607906467
4.7852105689
4.98908166045
4.87871275115
4.94810370743
4.89839295328
4.85597715223
4.93253336191
4.91318124551
4.9622554971
4.86724238145
4.84759644574
4.90264597642
4.87720129889
4.85333253551
5.25629819918
4.90717182022
4.96429859281
4.88497605753
4.94434333849
5.14186452496
4.70996108633
5.10954499388
5.10943199325
5.10436293989
5.12935387224
5.04853449982
5.19733903968
5.19119415629
4.86520263505
5.21754862678
4.75845124471
5.0090847612
5.19955416346
5.10518831348
5.06935512859
4.94186513436
5.09855880582
4.88050276721
4.95224413228
4.88261025435
4.83256944263
5.11650049472
5.0252104373
5.08513120967
5.04639818478
5.06112498033
5.105268704
4.97565141499
5.11252883744
4.90488773501
4.65165915322
4.85723153156
5.10287256384
5.35510089803
5.01646136022
5.03217677897
4.91619701624
5.05056177628
5.15023105213
5.03084191334
4.79885831612
4.95782120728
5.18198893398
5.06263391912
5.12901798147
5.14902458602
5.03013864464
4.95014858675
4.92131242931
5.08247987723
4.73868308794
4.7756070261
5.28586099887
5.21887870628
4.95228287292
4.87815640295
4.95177617377
5.10329758453
4.90832644343
4.88992852509
4.83739519477
4.82150536311
4.84914526933
5.08797095263
5.14129232645
5.19473634034
4.8698677578
4.98329297876
5.25492380953
5.2698519268
4.80098832852
4.98917741364
5.1190832094
4.99228956485
4.96066415036
5.04526912993
5.04818411386
5.20719755566
4.97966702408
4.88631980443
4.80010674304
4.86339172244
4.65431181455
5.18129642719
4.94295169836
5.00975295544
5.15654189163
5.04130292159
5.11288400483
4.92236319697
4.63062473345
4.90747055131
5.04982535064
4.86950871968
5.03023495364
5.06118377173
4.90789297044
5.07826837283
4.928015993
5.11329247794
4.67822103149
4.84038075805
5.07602020264
4.9695135963
4.99435270804
5.0221085242
5.03666137624
5.17125118518
4.99277512884
5.00592246258
4.92385727727
5.122005009
5.08233581412
5.08250397134
5.10000194448
4.95814496994
5.1139820267
5.11915581799
5.0187091254
4.98269134808
5.04614157635
4.86487851983
4.73919465888
4.94632255977
5.01199586368
4.93289130569
5.0436850301
5.13511463428
4.99721040857
5.10020368254
4.88574395168
4.92784478462
5.21871484172
4.89366559768
5.00686700535
4.92855133379
4.96895663297
4.99094094265
5.02870429713
4.98817289436
4.88577086359
4.92816706902
5.1781601162
4.92766206688
4.82677559328
4.90362403518
4.90890321892
4.91064537609
4.77143608022
4.85238414401
4.57904165107
4.92070273751
4.8046090194
4.78519877738
4.74244946587
4.9303591513
4.96423314232
4.91580804813
4.84863236082
4.69885488164
4.59393013251
4.93371815467
4.93124514884
4.82742227483
4.9236935569
4.84483956009
4.97730406815
4.98169894087
5.16522337151
5.03955285114
4.78268413341
4.89523379791
4.77776948833
4.66724362141
5.04884596717
4.82873831272
4.78814830625
4.85985448968
4.97580695194
5.01553850663
4.60280364913
4.77899460733
4.96821123582
5.00374761409
5.09881595802
4.87117671901
4.9139243108
4.72198516262
4.8137168377
5.01099213195
4.55003049755
4.65552154291
4.91024309045
4.76243678951
4.94507253289
4.75366796535
4.75149145561
4.73676235628
4.72775755805
4.76870000643
4.58981524223
4.67089981675
4.78122776806
4.69466530818
4.76707717031
4.69567302656
4.92360140157
4.73197555047
4.92333317435
4.69718512356
4.56296537441
4.68536685079
4.75520353258
4.72547227097
4.76294442409
4.53978477573
4.69409246927
4.71787290418
4.7127924338
4.70340283304
4.56428034627
4.53880446577
4.48191929448
4.54057004374
4.54370548713
4.54816852826
4.88014488709
4.63947458047
4.77642530406
4.62296975774
4.51499938393
4.39703931105
4.58540401715
4.53889746547
4.52316626686
4.51477735955
4.66390465325
4.60968311006
4.70307429993
4.62123181981
4.44358042997
4.47578247392
4.5979962213
4.72876509011
4.54813894594
4.70826296943
4.44407401645
4.41291594112
4.54240334237
4.44787850243
4.35294165295
4.6597186411
4.34083991218
4.71218339676
4.57311757743
4.41315414983
4.71883474433
4.56704699647
4.64175201917
4.6324354313
4.46890650028
4.53373145539
4.46962525523
4.45728463686
4.75226258934
4.77520198953
4.6534758361
4.84642256081
4.76957506615
4.62474407256
4.56861994112
4.53974237216
4.52024674433
4.40232579404
4.70508028889
4.56816235512
4.58011055273
4.43509194362
4.69300311345
4.64659860516
4.67291125554
4.41831677318
4.69343258494
4.69653157276
4.48556532133
4.71084282649
4.66768334663
4.78676765251
4.42244000638
4.40015961957
4.44009271777
4.57147230709
4.50934288806
4.39431750202
4.53541756129
4.82997473824
4.59593908772
4.5371910547
4.72175912011
4.52317244351
4.41062156564
4.62063380009
4.58605590576
4.64680433989
4.58099807215
4.51876674348
4.49048861629
4.4888488121
4.46565116447
4.64368836874
4.25797091722
4.21882969618
4.55364015698
4.40778139889
4.61358815634
4.45116147763
4.48266330183
4.64790593642
4.51322603399
4.26337172514
4.2658018443
4.45776986486
4.46968157101
4.68297216153
4.56347273779
4.55609344047
4.64106093442
4.58070512468
4.49054263866
4.30124809182
4.28490582061
4.36433821982
4.45198403317
4.44506063998
4.42086479628
4.19529231948
4.36464701349
4.34561609733
4.46655693436
4.38714337403
4.17735413373
4.36189675266
4.30263310498
4.43395074731
4.52034902525
4.39151743031
4.46509821868
4.38482741421
4.53560346085
4.21238003254
4.2483830941
4.28265063399
4.29204641747
4.42160927522
4.45086396718
4.43034275901
4.36984345937
4.3839117896
4.40361274242
4.55980340004
4.36568158615
4.09921344662
4.33792488104
4.18798906022
4.27240311432
4.2638814503
4.40317549819
4.34169194204
4.2818225348
4.29769690192
4.31299683493
4.42532652134
4.35644308263
4.22995928848
4.5117026329
4.28841303962
4.42059543055
4.45005999452
4.49521484059
4.38470586848
4.17436292821
4.3015642727
4.4033969081
4.18388400114
4.2684000572
4.38191188598
4.37662023431
4.50835772604
4.40654731607
4.33933419484
4.09283398741
4.47227212459
4.19244217116
4.18503311741
4.32767450625
4.13224566013
4.17787802923
4.39559921283
4.26036250949
4.31009749967
4.18941366357
4.04338081336
4.0715919416
4.33368480742
4.13677389896
4.22568336624
4.26444160259
4.21052197254
4.21077873558
4.28547260451
4.09535946381
4.20206292164
4.1698787024
3.99941760534
4.44278690273
4.10334136337
4.16633226722
4.15622841632
4.0124843694
4.30209830332
3.9040001649
4.06604770374
4.07131674963
4.15356123292
4.20222119975
4.23766219532
4.10222476125
4.02956462634
4.21214402068
4.03208665711
3.83006217235
3.98113410538
3.95295477927
4.0754892711
3.98445591784
4.07952917105
4.23836100626
3.98235832244
4.04407598078
4.09247505981
4.05058876941
3.9600101217
4.13282923126
4.17823616052
3.97816535765
4.26936651766
4.2337960375
4.0517175954
3.98633244154
4.02192085421
3.81396589583
4.03806821108
3.87566386616
3.9693620916
3.91583178657
3.87011505413
3.8101421237
3.83868383431
4.07164036506
3.98853783822
3.95680413651
3.90443694776
3.94247578448
3.76554300654
3.9930150978
4.11166772476
4.06413237822
3.97427988952
3.89605172879
3.92148159885
3.79938211453
3.96123304003
3.76132601798
3.99485034126
3.99434551466
3.74741878283
3.8319117198
3.90127625477
4.09929224402
3.92622610766
3.64381295902
3.73709719223
3.81448993117
3.96484403986
3.9307228277
3.95656526124
3.8646323123
3.9764702509
3.94537311471
3.64737298787
4.03940192026
3.7309651871
3.74044054431
3.72705013669
3.93028530374
4.10295862603
3.73729052234
3.88824801373
4.06364559966
3.87504158193
3.82320536643
3.90055245036
3.93377792996
3.9698833037
4.02997947031
3.94011213213
3.6926876027
4.11206242478
4.07421568739
3.8098778978
3.68859067744
4.05797880203
3.87064736122
3.96859106654
3.95234558117
3.87862791318
3.80453070056
3.82032036602
4.08280947667
4.01566538662
3.71969847894
3.91055956244
4.00693191719
3.94803009522
3.82431842476
3.80190670317
3.80798709595
3.78896151245
3.7828992936
3.95011730897
3.83075025648
3.75450015965
3.74558736536
3.73194210315
3.92893680573
4.04235508871
3.93013803786
3.83179517102
3.68949418265
3.88287610996
3.49120787278
3.76872958612
3.91220699555
3.89381589448
3.73065250421
3.92475327259
3.71779595345
3.79449730867
3.71367833704
3.80883808488
4.04157929265
3.77183040029
3.741260499
3.81718713146
3.84383543509
3.9171193608
3.8107837584
3.72561412966
3.85132709879
3.94520754045
3.86687061137
3.75573797458
3.86296786731
3.71594783515
3.84039004409
3.80358081186
3.93772495914
3.82621418482
3.93411733103
3.67068472034
3.43703548172
3.5921014939
3.69758443004
3.86896833998
3.8251023728
3.66841688418
3.86535566911
3.94683679682
3.55966510952
3.85707277685
3.57467335802
3.68252546191
3.61390861195
3.7337482242
3.88080862433
3.62373329341
3.80428343129
3.83229195863
3.9313783167
3.72940183768
3.67510439754
3.65210345185
3.6608820222
3.60866492379
3.71624310255
3.75727404255
3.76855808985
3.74349718705
3.67663643605
3.70126382422
3.58635549569
3.75002206007
3.67716060281
3.68928364062
3.76631192508
3.6747572667
3.77575271901
3.90721975899
3.94520877963
3.54281419271
3.4915134784
3.43287148535
3.70732190651
3.70665777662
3.67769161695
3.68714082104
3.64145007974
3.67026769331
3.76809094161
3.67988562569
3.55393207949
3.5648143363
3.73264379114
3.6818302649
3.77931778032
3.61218733275
3.54604526561
3.73333840996
3.82060626483
3.33535485172
3.38070595205
3.38939875633
3.33691809469
3.36433264238
3.51798182434
3.42779426885
3.61020600182
3.50221016407
3.62616997552
3.52938571978
3.31336910188
3.32662632093
3.54610505855
3.54388773012
3.65327563018
3.62894002497
3.52098660836
3.45246902132
3.72998019451
3.60935351342
3.55446768558
3.38544104141
3.51013452822
3.48255835259
3.591714297
3.48130341288
3.47766027957
3.47695883599
3.56053924024
3.71961953756
3.55466950369
3.45618017882
3.60943874896
3.44224197492
3.44788705653
3.55180478692
3.46995459372
3.53957732803
3.70927337867
3.7472486012
3.41706886768
3.36892866033
3.57108220327
3.50759566921
3.40697271129
3.37324980372
3.56084440282
3.55645414066
3.52159948292
3.48548556376
3.43106839806
3.53734097135
3.42266211241
3.68626548654
3.39334372222
3.43884463102
3.66987371343
3.56185258609
3.3221620205
3.54602025515
3.29008307549
3.40854851133
3.31843941671
3.3195623754
3.43067284268
3.45131167433
3.22440817964
3.33898000616
3.32027322665
3.50722403717
3.3967324163
3.37419558811
3.23310413533
3.39641128406
3.34168637711
3.39767423689
3.32575735295
3.41072885108
3.56963803941
3.3643677806
3.16116567662
3.37984303844
3.34123889709
3.34266545045
3.43065876946
3.37906238216
3.45267258078
3.50881612417
3.24049972281
3.30036426294
3.21874547744
3.44302315757
3.28780662984
3.53042866203
3.26308740717
3.44102255592
3.48322591293
3.29964948207
3.45293747479
3.39200464505
3.0702605741
3.39249883211
3.18915911862
3.57477246249
3.31285829431
3.38357959417
3.51366751677
3.3954118233
3.36979905605
3.38367259836
3.19362840801
3.38038728482
3.35576930708
3.28252333754
3.35530163819
3.2687204327
3.20133243078
3.18611019671
3.26598864534
3.24747926557
3.07349436113
3.0027378073
3.26534326208
3.24237951219
3.32285257143
3.21039826909
3.24765455455
3.4101977708
3.24345276475
3.07538759652
3.12779378486
3.27234538311
3.11481624514
3.23311772099
3.18072825962
3.04558096409
3.18665802392
3.22815108323
3.24088891286
3.19922346821
3.02215732938
3.21620911467
3.34270058185
3.28888373876
3.29498827001
3.29368918955
3.1862409026
3.31005617064
3.2467127685
3.30082963008
3.0793530491
3.15158702803
3.09529574779
3.17863363263
3.02570379815
3.13169940996
3.18063836315
3.18105044293
3.30998110169
3.15893160665
2.94422306141
3.11826919568
3.14925845551
3.1089942708
3.18397929773
3.20233504409
3.21227096888
3.26033630931
3.21041822362
3.27522535118
3.05260208759
3.07621422473
3.17644368869
3.03455820259
3.1385800916
3.31664957803
3.09502269965
2.93374439844
3.07479309559
3.07026092541
3.04922965616
3.08737889642
3.16479595047
2.9946507169
3.03069719607
3.11924234045
3.03125992066
2.98457949337
3.19476953998
3.00674619332
2.98096056744
2.95148057526
3.21304452157
2.98881991917
3.09737759995
3.13285961407
3.17977848899
3.09440847868
3.09663494629
3.11019511348
2.81151113597
3.13818506294
3.02372503173
3.10485832784
3.11874936053
3.07012158409
3.11230163786
3.14639664936
3.22708039737
2.93959159088
2.95060978305
3.05963855496
3.14555972046
3.04888977191
3.10257840461
3.02436736074
2.99783292365
2.84460165301
3.13135471407
3.05821913055
2.84745697796
2.9254465996
3.0253291325
2.98027357408
3.16181761554
2.96892101479
2.95191887531
3.2012869029
3.08806804594
3.04736800274
2.93407724786
2.86362743267
3.04238373399
3.04398080629
2.96024959093
2.99159473068
2.92426395088
3.22394386443
3.00423598963
3.00291667682
2.71784486753
2.8074015314
2.89684677178
2.94281028521
3.01491805184
2.99984982556
3.22876136023
3.0192227228
2.98258261621
3.06875045574
2.96276459596
3.03852410033
3.12397902173
2.93528758919
2.91487930644
3.00223047417
2.99260315436
3.09474536905
3.09070635831
3.06199452102
2.65301818606
3.02306186348
2.88446168777
2.98493870354
3.03957058415
2.90055215856
3.00396418488
3.06570716834
3.05685220909
3.00508590707
2.63752605656
2.75769687974
2.98859561726
2.95152699915
2.76844625875
2.82302873692
2.72967203683
2.96188325128
2.860417824
3.02654276165
2.68936401224
2.72486405867
3.04722501782
2.90710980487
2.95092603368
2.90082744133
2.86569686705
2.90904552376
2.96856576231
2.93453663132
2.72844148922
2.84756001991
2.98032538569
2.95157106534
2.78069734493
2.91122053614
2.94040179107
2.91645898181
3.0432174755
2.90276888353
2.90253908443
2.8051877659
2.82216774559
2.78501978648
2.98045881468
2.8810212636
2.93280416408
2.94250448048
3.01441847396
2.85430655611
2.67941126019
2.77206326064
2.8318388555
2.95671488485
2.81266528302
2.95978168178
2.86690233666
2.99371818805
2.84073132792
2.92344799894
2.64215941396
2.69591601795
2.79866818488
2.90365963989
2.73348290604
2.83801626283
2.83438427925
2.69256907791
2.83991543153
2.79850348577
2.66449546975
2.76787200442
2.82916838038
2.86097982877
2.93043914056
2.79940570486
2.9365333873
2.8798606663
3.03223819059
2.74461667863
2.6700628812
2.69062648091
2.80960052842
2.76098374742
2.875606076
2.77321754995
2.86641084117
2.97770749545
2.83678433913
2.87470525771
2.68727138621
2.76493121672
2.81210454673
2.79908880502
2.79029782528
2.70208206353
2.64924932835
2.87296542948
2.71164425504
2.65959620062
2.65460752961
2.81013909727
2.67974253666
2.97244757527
2.75498007903
2.78246019945
2.77090756148
2.92493459949
2.86388371977
2.73696202335
2.60592142463
2.7556508064
2.87816986826
2.85993407631
2.79724125051
2.86482673085
2.836674299
2.80536538762
2.81374954426
2.78617330226
2.70050233337
2.77554465371
2.84610881001
2.77784359106
2.67678057554
2.64638255775
2.76334729141
2.67657956809
2.68683754885
2.71320616531
2.5485899635
2.66251733607
2.76997948754
2.78491899115
2.67776825956
2.62853768903
2.64478793514
2.89551549721
2.76177538431
2.74021784377
2.71318515489
2.55068464583
2.67616553667
2.66045862156
2.58617138103
2.75598225585
2.94613152632
2.71148399541
2.69499684426
2.80721361923
2.57018062508
2.54204701889
2.59107534704
2.90480545026
2.71046958023
2.64971580756
2.67486944932
2.71705624008
2.85729643336
2.8071723583
2.61372035471
2.64333047238
2.62397997221
2.52930519223
2.55906598616
2.79379030302
2.61312986395
2.59732803616
2.5516857211
2.676465175
2.49510746449
2.74537939993
2.60566010067
2.63636434427
2.71544245735
2.65217437693
2.60981383935
2.58792722136
2.62450730383
2.64233167562
2.62818685979
2.54814127907
2.63767755947
2.69564659333
2.5993062368
2.62374022213
2.52380054411
2.75732411045
2.75088843769
2.6510955421
2.59645987344
2.58600294054
2.78558328277
2.74074948946
2.77448959145
2.59139698359
2.66477346018
2.69835780999
2.62138697621
2.75478871262
2.58355770668
2.68109733292
2.64794243866
2.50170128518
2.83371577752
2.74218341625
2.849393408
2.76386041555
2.68636199072
2.50838633674
2.55840105018
2.53629851608
2.69487729135
2.61971276146
2.60810642716
2.57713182655
2.52114294595
2.63677715194
2.65463701728
2.66285753596
2.56343496457
2.49332807499
2.57357841948
2.61106292334
2.76750095549
2.68849300194
2.70893622503
2.67026974699
2.69058473969
2.56813358873
2.42094724727
2.55984563327
2.63734686834
2.70666226408
2.57447397092
2.60498766235
2.58511966509
2.66929353669
2.71465958291
2.56711067319
2.47103872377
2.6482816304
2.56140566593
2.67876679334
2.58943151453
2.61248805565
2.66540098789
2.61473463079
2.74368203366
2.57160624841
2.55382546672
2.46888697934
2.54786059809
2.66932311165
2.44492026049
2.60544514382
2.57995901325
2.45532965887
2.68127913031
2.56526672381
2.47561327073
2.59022519851
2.46078466013
2.65231719831
2.55753060535
2.50667568257
2.68761799526
2.66352524626
2.64939933932
2.54804052529
2.44629597595
2.56650511175
2.46763026386
2.55989233711
2.62709338439
2.52404275194
2.49647559345
2.62944873598
2.58287668046
2.56019207361
2.4824779751
2.43006973201
2.58323647621
2.57294643223
2.5550285677
2.63099446338
2.66606191421
2.36050014827
2.4718136375
2.4033151184
2.55156724307
2.58914758712
2.59887859774
2.62456664222
2.59250688249
2.55135006425
2.59476994079
2.50428023243
2.53519190797
2.50121820101
2.45323060575
2.34779296407
2.52917530981
2.51800638106
2.54161573702
2.5116660091
2.51567524719
2.54034494573
2.49843148664
2.51570063221
2.34733511257
2.4293877064
2.49054821861
2.49894657084
2.61868095341
2.62153787449
2.4596122202
2.57950267801
2.48068819085
2.55534872741
2.41091256639
2.55793027753
2.39085029978
2.57031394219
2.49774536338
2.53077718332
2.612598919
2.73036206922
2.40615416315
2.57144311881
2.41630732948
2.51819129014
2.56451212767
2.63917700842
2.38782878137
2.60045294034
2.56619683585
2.6081419332
2.50906361696
2.53200841475
2.41499230313
2.44900601518
2.39674202272
2.47955205277
2.47488164586
2.52085315618
2.637070135
2.42494130644
2.42632664222
2.44909889564
2.43515642095
2.45992727777
2.37891391993
2.51439869377
2.5518536211
2.61346512908
2.53228406098
2.52208906478
2.52396309173
2.41913230643
2.33612199768
2.4813275277
2.4020967586
2.63773615071
2.50495984253
2.51817050827
2.4863275246
2.43078919932
2.55384551191
2.48976039532
2.39447321618
2.6974982197
2.48607383767
2.50227327904
2.60463200653
2.64700887349
2.54817545006
2.51096872023
2.64407671323
2.45554022014
2.39888427168
2.56721097013
2.6470240508
2.54029582024
2.50055643898
2.6538711037
2.67398043168
2.51997421828
2.46798457927
2.5104116891
2.35257904989
2.62296938568
2.53612119988
2.59359651452
2.57671934786
2.60179013997
2.60318611005
2.72752185747
2.52799440828
2.44194654405
2.37937881142
2.5081761263
2.48112604827
2.60627743456
2.45137885574
2.51179270372
2.42744949523
2.41375051773
2.57468250623
2.67221159342
2.4645683645
2.48556233326
2.57138912937
2.70929751468
2.5514790878
2.46120502996
2.59087080753
2.51073333585
2.65220360985
2.69062572917
2.34039517555
2.43359327525
2.50459903333
2.62672103238
2.55804757476
2.55190733081
2.57233402821
2.56724254924
2.66031667569
2.5929210678
2.46076197708
2.39181733784
2.66531553447
2.549979624
2.57711748827
2.59363582999
2.57484052783
2.62515963259
2.61609047711
2.557794433
2.61879369766
2.57936619306
2.68602266815
2.67294631687
2.54358167911
2.65364471543
2.56779299456
2.67587745103
2.69647872385
2.62584418076
2.39060453069
2.51524470961
2.66511415571
2.47633831227
2.57847245744
2.57041675514
2.62167228022
2.52970207298
2.55688643974
2.5125317049
2.41438352314
2.61945553535
2.44088195515
2.68866388714
2.58136595061
2.65595293796
2.52163311082
2.43686512429
2.65574031723
2.77933270639
2.38926043877
2.51722660688
2.44445087346
2.41768035063
2.51162329066
2.58347826755
2.43629312548
2.38732969147
2.35588093904
2.48658890507
2.50351251993
2.58649698809
2.47527681443
2.48103244981
2.38291570398
2.53606891495
2.46020923632
2.56430826598
2.49338169861
2.68916181812
2.36282944906
2.47777745083
2.54675876206
2.41280628711
2.60700223276
2.43639295316
2.55668972257
2.50909135556
2.54293357685
2.55306645167
2.3441518932
2.44248391646
2.49486419231
2.62105759609
2.51165514717
2.48644877821
2.55123607653
2.48342467546
2.58638098177
2.56412427247
2.30311539447
2.54564293984
2.58557566077
2.60193217039
2.47625392553
2.53215557826
2.54778843689
2.61634451154
2.56480947781
2.39257306692
2.48016725379
2.39795519438
2.61604499564
2.54881921273
2.43006585574
2.51695356169
2.44939043444
2.55090703806
2.48239159125
2.48968074754
2.337744826
2.41369943649
2.42570869356
2.50407314065
2.41598085091
2.49869007683
2.55467376369
2.49244514391
2.32780800325
2.49932353294
2.36728347215
2.43439848498
2.41755159447
2.39117520848
2.34243755585
2.40313350835
2.44647541904
2.36179280975
2.49618375129
2.38737488678
2.25293167046
2.42516494715
2.40419861361
2.47048737824
2.46342995363
2.43371203315
2.42893845564
2.4399877834
2.54690090549
2.45085808748
2.31577073723
2.45834370154
2.43532741442
2.47756677133
2.39518239889
2.44682057476
2.3867960439
2.44287101528
2.36666273862
2.4986278083
2.39716202825
2.41814569646
2.37149546215
2.56031270674
2.6422944372
2.40682462999
2.46795296714
2.34168057251
2.39784712172
2.37198827842
2.32503068164
2.41516413811
2.39039236915
2.54362065724
2.34779526913
2.50363671732
2.4170449976
2.43431854615
2.49322760507
2.45501337773
2.29388426989
2.39291438398
2.45228768823
2.54195565489
2.46166908625
2.39853654623
2.59409943283
2.46685130668
2.42086743283
2.43821365094
2.3682040754
2.32207448578
2.42726367965
2.49420396754
2.46024970588
2.393338337
2.46036741626
2.45792700893
2.44432077497
2.49152497655
2.24474958467
2.30384138355
2.35003999102
2.35638508594
2.37949851993
2.47688766944
2.35663086164
2.30852696633
2.51953842244
2.35576039544
2.24993406397
2.2853670485
2.36157250389
2.2944183704
2.28167702502
2.38481116086
2.26548031905
2.34045188761
2.38015152583
2.50389015862
2.31169014293
2.2885580979
2.35648874202
2.38976818737
2.26224504176
2.36067920956
2.3141144689
2.47383651128
2.35185608914
2.43494679287
2.317097307
2.31941558218
2.38322801158
2.3903522934
2.40182749954
2.4350657841
2.45266132462
2.36829319713
2.33265578634
2.46841220489
2.29671360159
2.29460811338
2.30553768113
2.28766490272
2.38015404233
2.24244617093
2.25798841184
2.23219371173
2.45045330542
2.28348650527
2.20923766062
2.30350473034
2.1877847423
2.32432109982
2.2478569935
2.34463536406
2.31923519045
2.33223235413
2.29216095978
2.33565847287
2.06054460886
2.24862129569
2.34261523443
2.25409334555
2.24592802978
2.39525537851
2.34209179804
2.32483309692
2.28874286652
2.23375939539
2.21811701488
2.23749256077
2.3652702176
2.21108392483
2.40586499435
2.28037655008
2.34261251646
2.24070351785
2.30981320238
2.24688042244
2.14662069634
2.19395915699
2.35756839032
2.3163117255
2.22071588257
2.31709819311
2.27956577325
2.22628593305
2.32895815429
2.3225047794
2.17440411913
2.2785104619
2.22285159582
2.34482885972
2.24434500432
2.36992912483
2.24480622739
2.18058074242
2.24227607113
2.22381349084
2.11947219935
2.31161659157
2.17501230612
2.35912166402
2.26623859447
2.29621022168
2.15375298405
2.20099361256
2.30479322082
2.29335864273
2.17283501932
2.18465204716
2.34024488273
2.18941283175
2.31729574171
2.31091887742
2.37035098875
2.25794274482
2.26674124277
2.32563988692
2.23665470931
2.24270688403
2.30779008922
2.3689885931
2.39163668689
2.34325727144
2.27433326629
2.31057240307
2.2440800302
2.40193320441
2.15941618368
2.28293056211
2.29583199906
2.25465140775
2.30271841371
2.3214863416
2.30882673547
2.27639638501
2.29094741917
2.32353485274
2.07014826119
2.27265093523
2.30743110487
2.29195484444
2.33715839478
2.34711486736
2.33963051209
2.21352529648
2.31735706943
2.27557361624
2.1119374924
2.39581257689
2.33643154797
2.24868747264
2.31139371178
2.31084066248
2.25729606414
2.31408228442
2.33102439475
2.29947512996
2.13606170303
2.27857326549
2.25483960468
2.31663857695
2.36221351659
2.21203383312
2.36611218596
2.24379549402
2.34454920185
2.19868187496
2.11049721065
2.17116659978
2.21159466121
2.23821040392
2.27553563493
2.32233362505
2.45390284815
2.41392385662
2.29747448298
2.35793780336
2.23412303236
2.26827580208
2.18061221898
2.28103097945
2.33257251069
2.28809054321
2.3295686847
2.37448853025
2.25392020151
2.27222699121
2.13618158445
2.24041345015
2.2423952162
2.23793041354
2.27701084812
2.38068146336
2.34977359393
2.17645673311
2.28067437154
2.33785199848
2.29021387649
2.21227409104
2.3268052505
2.26577371147
2.26177921975
2.32937406152
2.16090467623
2.32330965757
2.29071099311
2.3267961112
2.21008454874
2.27275738388
2.23265720263
2.27681938282
2.29803588992
2.44720807439
2.32959327409
2.22028038803
2.33727088818
2.29084544224
2.24522236118
2.2656755783
2.3022374956
2.29071890637
2.32213143417
2.31639543959
2.21966633043
2.31949656716
2.33887058252
2.17529059997
2.17127757302
2.25117171493
2.31304995951
2.28280019823
2.28718661809
2.2529716346
2.30077353898
2.30504432091
2.27380322227
2.29276166925
2.26929284787
2.30235974336
2.30650363049
2.35255042851
2.30900303897
2.31006629163
2.24825651345
2.3531216532
2.37473052898
2.28730435061
2.16929880363
2.23546737289
2.24798874098
2.26442306069
2.39072938728
2.36213226131
2.23478898171
2.24931988761
2.25264139265
2.36728787136
2.29222613329
2.32952833042
2.28263711122
2.38247867534
2.37778532675
2.33307892489
2.27168640634
2.32091950232
2.38293113989
2.26945458969
2.1509735035
2.32414459345
2.35675877133
2.30310519791
2.37115969071
2.43039422342
2.32511660904
2.31519842419
2.42557543001
2.40998343018
2.22339044356
2.28879413274
2.25869432682
2.392385416
2.30106459409
2.30058445254
2.23275244209
2.32736625242
2.29195488828
2.3352802676
2.20921236017
2.30041883373
2.2705038673
2.22955336922
2.36018634683
2.38299690995
2.28107781449
2.35887353778
2.30563625817
2.2703923972
2.1036362848
2.38506277215
2.30921827185
2.38032711947
2.32368333393
2.25081602073
2.31885644525
2.4125542379
2.43739300743
2.31138068455
2.18628635727
2.15221703619
2.3333489795
2.39230208489
2.37779768619
2.33908009656
2.26124926418
2.33099339244
2.2927565963
2.37933439606
2.11399435744
2.27890745884
2.33697143939
2.25646928436
2.38868525618
2.23822289133
2.32311738613
2.38380472499
2.3578119503
2.32051307777
2.29623507345
2.17814310098
2.34414253464
2.12980687365
2.22237942949
2.27962297711
2.39222818592
2.39860025099
2.29222998023
2.2810680685
2.07895814124
2.28342491177
2.23098007149
2.36476960951
2.2935087671
2.25516091672
2.24905574921
2.2297511985
2.2385395534
2.2992153081
2.13765926073
2.27398039043
2.21668935147
2.32227960616
2.27093523037
2.34998880562
2.36031061015
2.25375233623
2.34076537222
2.17700024676
2.22656688637
2.27421622974
2.22873938629
2.31596646857
2.20909698632
2.32195555344
2.39477246222
2.34508419514
2.37959966347
2.35603315404
2.21691189742
2.28115274394
2.26532906157
2.23867897612
2.24941456333
2.38390842286
2.26584989285
2.42695654768
2.18993370616
2.32082723382
2.06783483094
2.25463414523
2.18742001706
2.29949757379
2.30045228669
2.28457961112
2.32842826667
2.34451746854
2.20142674202
2.21367790812
2.13149330771
2.19163675645
2.23231192288
2.37032967877
2.34580933613
2.30962710661
2.34895238435
2.35267424497
2.26652192572
2.32484397268
2.21095838356
2.30955158225
2.2247616536
2.22311211583
2.39872223866
2.17667006174
2.34408990821
2.32630530459
2.32827725768
2.45406345665
2.22207354715
2.17556794736
2.35208259466
2.23778944576
2.34431012836
2.34841821757
2.36444379625
2.3881488331
2.24083986729
2.34862413359
2.15955433214
2.25831964523
2.27138991639
2.38485577551
2.36381119087
2.45483604565
2.36215127134
2.41543540168
2.29288653097
2.38570626068
2.27767491606
2.17738181046
2.33573406103
2.19008559987
2.33305183312
2.34018733448
2.2557155486
2.39583564019
2.41152917218
2.40071075737
2.23808087665
2.19207876921
2.28352329159
2.24032312179
2.35178816488
2.21874908563
2.25421941137
2.29779625455
2.29004167014
2.3590321148
2.07829652667
2.33657941833
2.34553001559
2.35296592069
2.36858672187
2.35609588853
2.27415127113
2.34626524422
2.26171575728
2.31513923022
2.1220907357
2.23383936587
2.24018917286
2.28381063169
2.23935465884
2.28264450622
2.28973412642
2.32714134884
2.24291088924
2.24979566899
2.11755358437
2.24892050916
2.31859261551
2.22954416361
2.29849592602
2.19083806545
2.2503726455
2.26162658757
2.18889265904
2.34293631063
2.13003340948
2.2727438581
2.19773766044
2.48645743001
2.24783748809
2.28484670773
2.08857433474
2.18502065536
2.27625266598
2.1993498517
2.0630764654
2.18954239717
2.2688373979
2.25021067643
2.25204121113
2.1414096448
2.28726432872
2.222219982
2.29392539328
2.24992748547
2.1120785825
2.22370342717
2.30229910386
2.11051628017
2.30479379848
2.32589195555
2.18160996836
2.2906719436
2.20538554919
2.28102891973
2.04430919424
2.2376520873
2.26247658172
2.27693089789
2.28106446275
2.26829994896
2.20189444172
2.29637157375
2.29900153181
2.24451760307
2.08652134597
2.17956494242
2.31669333938
2.23601201379
2.34156518865
2.22754944453
2.23712733096
2.28866748087
2.26143228436
2.28911940405
2.02925776854
2.15678513616
2.26899239862
2.27304134718
2.23092611191
2.33869305927
2.25602726471
2.28257196867
2.29452528492
2.1195928542
2.18346971071
2.18579708686
2.26993651572
2.24146561739
2.12150709745
2.21426574081
2.22895791402
2.30381696713
2.25985832143
2.28919031471
2.14811547509
2.18387241122
2.2176176337
2.19669191939
2.24453602836
2.25665822071
2.12746965072
2.19145538774
2.19137904757
2.27281562787
2.08750413358
2.17825544986
2.10283685324
2.2568042182
2.30676741496
2.23963013101
2.1710117965
2.20020859119
2.09559979358
2.20358239788
2.01041810015
2.15454855299
2.26578288606
2.25893461385
2.17178543952
2.22808784848
2.25056621388
2.13142020479
2.25934540293
2.34407770646
1.98361013198
2.06336233866
2.12933583887
2.16716393843
2.15503382897
2.22530794364
2.1738206813
2.13001829794
2.20310609603
2.18113887709
2.01915689903
2.07714761013
2.28128228348
2.2196651652
2.18799601606
2.20428292784
2.19080334696
2.09531462583
2.21333163944
2.14854883054
2.06256129545
2.21200479791
2.15406245163
2.14278388092
2.24765194958
2.11265306154
2.2456927599
2.12162650123
2.26235690576
2.2063960987
2.16086108641
2.12612914678
2.20258549097
2.25057298309
2.17151822853
2.17513701478
2.16973107344
2.22459558555
2.14689158413
2.19042583328
2.15938258061
2.07915755445
2.14965976146
2.09144276834
2.19051042619
2.37286648384
2.26722520575
2.28606310472
2.24172017211
2.18430647337
2.15589027679
2.19348530191
2.19323538062
2.26137447849
2.23462506756
2.20060676721
2.27491641894
2.29241823289
2.28313296738
2.29650514516
2.16552766514
2.24271774119
2.17977763733
2.21041849825
2.23491052788
2.20058504269
2.34510967782
2.31084048685
2.20322620079
2.40954055232
2.14440339762
2.13969331959
2.28895040154
2.22328461394
2.2718856127
2.27658065754
2.2055697208
2.32353836396
2.24419836617
2.12316990775
2.15896151409
2.26931942424
2.17337834993
2.24935324106
2.2949210189
2.22148963156
2.13622340247
2.25772067413
2.22876173246
2.32710909784
2.10267569482
2.16175799361
2.19981026226
2.17179928994
2.12321185285
2.1881014508
2.16268535846
2.26760125303
2.31829347795
2.20106609678
2.0156847786
2.20999581251
2.28209410489
2.23003488398
2.20488684243
2.27332895553
2.20580233192
2.18600823247
2.21793520749
2.21453500503
2.09103536192
2.2471097495
2.17140381604
2.20716479349
2.26498877206
2.28284319991
2.2083452397
2.38337728184
2.32641731912
2.15166896933
2.08705658484
2.20893512285
2.3171835663
2.21416190729
2.18597228897
2.30788963866
2.32901154509
2.31703180286
2.21134822777
2.2565401943
2.07485276255
2.14435730484
2.19054634324
2.32397038095
2.24153355968
2.24814726824
2.30282002571
2.27591114023
2.20672601303
2.23664274001
2.19791032949
2.11900851005
2.20135502064
2.24354567489
2.29475444937
2.213831736
2.30637862554
2.28806620306
2.16060756785
2.19133736676
2.10932113084
2.08971865353
2.15003062996
2.21461848027
2.2000500218
2.22906458107
2.20792572677
2.17661388656
2.21956071016
2.35808087471
2.20656303009
2.17830062816
2.21501978815
2.22637883615
2.19841100931
2.20243809792
2.35114931512
2.20317333114
2.22817522544
2.22615073243
2.18951624677
2.17034847465
2.26307474145
2.17117297798
2.16612659988
2.2328505311
2.24776544774
2.24125346676
2.22156353465
2.1597354871
2.11434054813
2.17511724389
2.14998995632
2.06865702915
2.24691696769
2.26649759242
2.23206303722
2.26557898012
2.16487904698
2.19377004376
2.13842158267
2.1083562324
2.25335588288
2.12926112923
2.27044065756
2.26656849754
2.24762700206
2.22796281204
2.23695690298
2.25391557151
2.13684166357
2.17575352946
2.15997080317
2.20359941927
2.28967926645
2.22978023279
2.20231399071
2.25573223367
2.2721517427
2.2395911448
2.13015631366
2.23134129092
2.16341759259
2.24704690593
2.26271029404
2.19212465125
2.23774036241
2.24122251177
2.25541269583
2.2385534611
1.99428265849
2.19345401412
2.19972331077
2.37774893874
2.16705066898
2.17244914401
2.1312043229
2.22940885851
2.14417043585
2.18009429222
2.07264873958
2.07434948009
2.14478750476
2.11257643092
2.31105262217
2.19765169367
2.22902962461
2.14820979294
2.21106384468
2.20506024528
2.10855443102
2.13024123201
2.20028216264
2.13068597713
2.18915311456
2.17970012903
2.11836413556
2.15044923455
2.26148611772
2.09059822696
2.03045622054
2.02633884293
2.17181732374
2.08873839432
2.209899019
2.26988220152
2.24925417542
2.15333451405
2.16925670117
2.07863074514
2.09029121897
2.24909358847
2.21268916512
2.2439256539
2.15957066001
2.19547167495
2.22305633736
2.21697055352
2.18626257706
2.19340645945
2.13509028468
2.2302531116
2.13383106145
2.14976048458
2.27678448686
2.13214955592
2.14276185822
2.25636729315
2.25122121298
2.17001898324
2.07778934032
2.13315115765
2.1377538847
2.19561470652
2.22751062706
2.10321327311
2.16583241019
2.12840161461
2.08033440349
2.32068784082
2.12372262368
2.12571111622
2.11659754753
2.10754122236
2.17065779448
2.19491096768
2.17449683398
2.22082926133
2.17646289051
2.23025857416
2.14631341401
2.13983866948
2.17886641535
2.21155587029
2.17460407633
2.15045342219
2.16908799762
2.17243542925
2.21567059594
2.19598111364
2.17172054154
2.18748153016
2.10037514099
2.12589274517
2.12831564113
2.15269509378
2.26790979558
2.2318446869
2.13275378874
2.15118957216
2.02112701681
2.11069113082
2.19644351891
2.1495525904
2.20187560853
2.18621837604
2.22159278822
2.2131684995
2.17025559384
2.14246882504
2.10631374198
2.02838759181
2.1262721031
2.13447874534
2.22807603878
2.24781043527
2.26588223284
2.22928201109
2.19516406253
2.23205281675
2.06058211848
2.10769822595
2.19718762845
2.18811765906
2.24255629027
2.1171280165
2.23653164348
2.2244416666
2.18325021303
2.18961182249
2.08736327052
2.26459875414
2.21612575993
2.26015489364
2.19763756549
2.22526263887
2.23395164701
2.26441696741
2.17272632894
2.07560974663
2.11510289732
2.08716759726
2.13444097826
2.19984070697
2.13911392665
2.22523241085
2.18553911203
2.26909152639
2.18945895979
2.22765415028
2.08879929516
2.10852949023
2.20684099916
2.23605259538
2.08820366666
2.2508729142
2.19143488085
2.20622813675
2.24221839714
2.18832470745
2.10209036553
2.06428016993
2.23556701046
2.11768440542
2.26892435512
2.25880534324
2.26740175509
2.21056760979
2.27312305701
2.2544867985
2.11289654109
2.14545799255
2.18363518807
2.19267705065
2.13316026703
2.14788580915
2.28799485582
2.24653969675
2.2585415639
2.21567110065
2.04291696918
2.17971284026
2.18700768545
2.19754251271
2.28843712789
2.14356666008
2.21965213284
2.22062719643
2.14641809386
2.20198641419
2.15185142028
2.14811848068
2.15319412717
2.2275188137
2.16003181601
2.1395351941
2.22309153584
2.06127486631
2.24058454624
2.35119051901
2.01869553159
2.19020664287
2.18140124637
2.19476555273
2.32041782323
2.16308205482
2.18651856235
2.26790720716
2.19359172863
2.22096301624
2.00754081833
2.16701565051
2.12683726418
2.16893692818
2.08444948533
2.19978557149
2.22274919641
2.23523853523
2.31479831576
2.21395362133
2.03505341125
2.21978223041
2.23045125729
2.12809004852
2.16356926501
2.18137221479
2.27696506155
2.13577416828
2.2234344537
2.18733152235
2.00234737927
2.19364869502
2.11916083163
2.14753998771
2.11789783645
2.13128879106
2.12247055537
2.20527302599
2.20870672715
2.08026027834
2.00255543585
2.13614991412
2.16150569993
2.17431258446
2.20428896481
2.09961041689
2.2083873634
2.20447135848
2.24029315537
2.07079771453
2.03072495961
2.17507925799
2.30316516146
2.22674517927
2.18377624068
2.38543207204
2.22147557193
2.22762365893
2.19475982937
2.21755111316
2.04984909675
2.21641004202
2.2204627341
2.2128257046
2.22192040628
2.18865224215
2.329693508
2.06702736202
2.26516029575
2.14514145654
2.04359105971
2.20409668548
2.21249931061
2.22395244059
2.24313847217
2.24881574774
2.16123252979
2.30602611205
2.19736505353
2.21641433972
2.10420389625
2.17288807711
2.19064015129
2.14236814144
2.25419690928
2.24012090752
2.25051031911
2.22224890253
2.21490835419
2.29625994179
2.17607101187
2.10523531899
2.24782325384
2.28121665731
2.19767954606
2.17959762487
2.17652378398
2.31559457245
2.2136889531
2.25846583176
2.11012412858
2.19381328246
2.16820356831
2.17146226197
2.28651658186
2.19542806676
2.29035626572
2.26687874347
2.18132031399
2.17849631855
2.14010453016
2.16986762294
2.1815436123
2.25871600503
2.23258220005
2.41479133372
2.30525260139
2.22409790581
2.27690505239
2.2206618371
1.99877667233
2.12990882389
2.19518560913
2.21095813635
2.20191838518
2.22479936582
2.15726424
2.12384473032
2.31911587337
2.22178906357
2.18499823275
2.09645849395
2.13033850411
2.22961563239
2.12802256066
2.2131260114
2.37255047897
2.1300520393
2.25079005858
2.15594644889
2.10691731763
2.13645957637
2.29247619218
2.22270364526
2.18814592317
2.20046270415
2.18320427907
2.13496798119
2.1998708742
2.16018587503
2.20393443361
2.14682150051
2.14044583219
2.18451858395
2.28060200527
2.11599102041
2.14253727603
2.2268895672
2.23689945856
2.21579090917
2.18630332556
2.04880495277
2.27339128396
2.23891465884
2.28714384469
2.29848028183
2.2382699275
2.2659032298
2.26393763819
2.27754133737
2.15303217882
2.14498822096
2.23680352995
2.2302065492
2.19300023559
2.1714542267
2.2398323229
2.21510338831
2.19112945685
2.21058124372
2.13140989459
2.16692949048
2.18713442948
2.20308592975
2.19900003004
2.18372343698
2.16089336258
2.23134529322
2.24883777201
2.27341819099
2.16188785046
2.2817783598
2.12504424882
2.17108503979
2.19407077026
2.24297352779
2.20769748822
2.18131311443
2.13987322658
2.25865608048
2.25514883661
2.2435088006
2.04665916267
2.28144451886
2.20285759312
2.23711612776
2.27410729852
2.18482098585
2.22499578682
2.21517533523
2.10673483238
2.13649211735
2.11846789584
2.17173051855
2.13088075462
2.13155234376
2.10083557317
2.16717523274
2.17934424913
2.11525571474
2.039189358
2.16934949487
2.13603102741
2.14409313154
2.1689442057
2.17577679202
2.21924360859
2.11736163619
2.23565057784
2.17574634886
2.01952652109
2.16397405106
2.07674072388
2.2110348627
2.05550298882
2.1275638096
2.17420054352
2.07424579895
2.24388582686
2.22908350205
2.04466059497
2.09179294166
2.2047287111
2.11671401572
2.15408417237
2.16212858146
2.20659275919
2.16336649346
2.10654719552
2.10326790658
2.04590902197
2.15020451173
2.17477231771
2.19447428361
2.11782369345
2.11309680575
2.08655417192
2.17903993121
2.1769416118
2.26102569833
2.10823953897
2.0586211015
2.17242558321
2.16004440176
2.17208516768
2.16936597973
2.28408259621
2.15459030598
2.2286687437
2.13993410102
2.07453044
2.02311132842
2.16793086478
2.14964839873
2.15429721621
2.15527064541
2.07921639439
2.0945765534
2.07262540987
2.08077912107
2.04457807234
2.11525659162
2.05323906034
2.0944235085
2.11408880687
2.15130506244
2.0270674904
2.14325262493
2.18434062389
2.10466808766
2.06201478627
2.01398867726
2.01402379456
2.08119941106
2.06729031244
2.05562437844
1.98791905811
2.08339981377
2.09875268716
2.16431786406
2.0774224824
2.04072059816
2.1490622223
2.05854073885
2.13364181322
2.09617991599
2.15443592769
2.22925764742
2.06277902281
2.11963161564
1.99023443297
2.0590528101
2.10837136063
2.03564771289
2.14528704184
2.12302755579
2.09623004434
2.19067222518
2.15088754633
2.09463762689
1.97076183689
2.080742984
2.08018793204
2.1653624531
2.06321157059
2.13972160265
2.22065556675
2.23223495072
2.11112964302
2.1865143621
2.03064916906
1.96484884164
2.05476219338
2.05294466348
2.14507708508
2.14658522226
2.11722418779
2.12490611839
2.09764612868
2.0660994626
1.88902511618
2.10174125096
2.11056933713
2.05274154393
2.16816677585
2.08518427742
2.11726725852
2.02882360581
2.07176865697
2.05003454968
2.00313170761
2.14232274729
2.07325988328
2.14334888649
2.08728302002
2.01277532873
2.09804993472
2.12253237846
2.07077479061
2.04435202491
1.93552088696
2.02472710809
2.06705251521
1.98951086333
2.14201818681
2.058195829
2.18200014922
2.10856262216
2.08133485591
2.21905179751
2.00718717948
2.13613073647
2.11800962201
2.0735640125
2.11151562718
2.12558184919
2.11612095892
2.0627018576
2.09425696453
2.11414666441
1.96396578109
2.13840241575
2.06538234559
2.09720665494
2.06102601647
2.06921322942
2.13929990274
2.09918279424
2.07018240082
2.01038730392
1.99693968797
2.02903421146
2.08601481447
2.08828059861
2.06516443154
2.03425803857
2.08651753139
2.14462800866
2.07959322008
2.08885829255
1.89565164682
2.10203156242
2.13546958971
2.14698660794
2.16069434473
2.05928029883
2.08225747898
2.08751102936
2.15175040832
1.99357639277
1.95721157312
2.01865517691
2.07884746104
2.05749313086
2.04059335226
2.05180611771
2.09121060103
2.11972882146
2.06251114812
2.13343540773
1.94585986978
2.07626475604
2.02010595819
2.08503260967
2.04767669371
2.09526977593
2.06915840688
2.08360756856
2.06425097787
2.09500597569
1.98342800483
1.96406264061
2.03155643865
2.11834942263
2.09004942396
2.06909957033
2.06090855664
2.07440573561
2.09329920372
2.04312246612
2.00178921576
2.03064694318
2.0392577666
2.02431919789
2.11038521305
2.09147352111
2.09829296663
2.07785273346
2.01262551913
2.0910967921
1.88786420482
2.04360015017
2.07305961221
2.09606640878
2.06911431348
2.06135707724
2.03573590592
2.09530463305
2.04682189238
2.07500787777
1.99202943289
1.96706484306
1.99146777311
2.0856701493
2.11611968201
2.03193537354
2.0634208751
2.10017518678
2.00481407776
2.09323866588
1.93403251386
2.00697872579
2.01274868271
2.06173207867
2.04220185086
2.02639293516
2.04234452486
2.08848527211
2.05157406339
2.0651352874
1.96269540548
2.0244359149
2.12848949018
2.05598435503
2.07067899141
2.10480422878
2.0493695212
2.03991856334
2.07886753383
2.12414635324
1.98903838158
2.03812676752
2.0863995313
2.02470261723
2.17315644798
2.05312461609
2.12693853581
2.0872393994
2.13455958906
2.10437769017
1.95460175216
1.93584615222
2.09205141667
2.15672406822
2.07976938587
2.11558014491
2.06663428718
2.13541409335
1.98760443726
2.12708741987
2.07158676299
1.99622396418
2.1404169423
2.07729826254
2.06699957538
2.02258992019
2.03036150053
2.0467512714
2.08002916664
2.00040949595
1.94864522579
2.05125909653
2.06360418126
2.12410870409
2.1008671228
1.98884875458
2.10145959741
2.19826623529
2.06528434795
2.10747201115
1.98000175127
2.11785640574
2.12018644416
2.12729262885
2.08733131102
2.11520428747
2.06404603541
2.12075571388
2.03133998156
2.18003767064
1.99736388084
1.9927620967
2.05661970985
2.08397083691
2.13066633132
2.12060935497
2.11554773453
2.11918600729
2.10674773446
2.13550966981
1.97490982977
2.00273380527
2.10250333223
2.09944113165
2.15827381575
2.11326613012
2.06382879132
2.08861544821
2.045147385
2.16822213393
2.00383652517
2.08638052511
2.01927652401
2.10355221352
2.06485585973
2.10327065566
2.0072632212
2.04372692609
2.05719168067
2.16060318166
1.94944277471
2.03648901878
1.99036395362
2.03494852385
2.11303771731
2.04410706767
2.10186591274
2.03622054091
2.15275952128
2.11312080327
2.00700066796
2.06941840994
2.11381334439
2.14267254367
2.04591264415
2.0376087175
2.02756989142
1.97745118852
2.05884457442
2.1233146196
2.03338189068
2.06407182521
2.03400717324
2.03879285631
2.04114797381
2.04491022122
2.16691039765
2.07765950887
2.06873697409
2.12573922586
1.96167772862
1.97054539067
2.11570195204
2.12715162426
1.99982913622
2.10374528867
2.00587082279
2.05583755302
2.01353409696
1.939627538
2.01963288844
2.05449991977
2.08678285417
2.05383301723
2.03132339254
1.99978727964
2.07704905769
2.14347084522
2.05674118565
2.10858465222
2.05995475763
1.94407551965
2.05200510383
2.00365647447
2.03818623877
2.0781018725
2.04970398968
2.11504120335
2.20813986912
2.10412382045
1.95002700156
1.96666329417
2.10629423985
2.07159668967
2.05745684269
1.99741841906
2.05986728311
1.9471616787
2.07131700319
1.94750567889
2.02893534595
2.01200378013
2.01071399358
1.96915814152
2.11443226045
2.04372287375
1.99710660699
1.97120438197
1.99736542544
2.06553404436
1.89516103232
1.985376055
2.04677021369
2.19791376233
2.04225149059
1.98057899234
2.08079210272
2.01212395242
2.00843143448
2.14754856738
1.82634999323
2.00142553011
2.0014501867
2.03723013043
1.95869512126
1.98194046931
2.09695687711
2.06232829946
2.03247946715
2.11396267742
1.97169870988
1.94266634107
2.0001102801
1.98488517508
2.11214032885
2.00345034301
1.92056551421
2.00133777845
2.01220636505
2.03085948598
1.86733585462
1.92640648708
2.00828953153
2.01291078386
1.98567690545
1.97968086118
2.09099896497
2.03061798444
2.04176515418
2.07245329574
1.95528901228
1.98956528488
2.00784176269
2.01981554541
1.99652216846
2.03842572045
2.12258149976
2.0277708225
2.10569661048
2.13236021131
2.01538471574
1.98539495933
1.9986405924
2.00874134457
2.00011737955
2.02172302926
2.03405794272
2.01331479424
2.04612989688
2.07408887228
1.8578554453
1.94220481145
2.07902441502
2.05105957353
2.04815393803
2.00464088091
1.98324980149
2.07578577617
2.02682190987
2.02753272521
1.8694350867
1.98577128363
1.96748675036
2.01137232131
1.99918993813
2.06849276975
2.111577553
2.0605518367
2.053432441
1.97167309824
1.86202261451
2.04458875903
2.01908943218
2.04102845684
2.01373647529
1.99446939334
2.07790758735
2.05419163558
2.01307060242
1.9417343303
1.89219620854
1.95223664165
1.95580819635
1.98978253275
2.02931140944
2.02621798483
1.99972883731
2.05804014191
1.90920118117
2.06036595015
1.90476177198
2.01650513843
1.97285428348
2.07449459442
2.07967251012
2.08567162114
2.00008389774
1.93940634632
2.09623991469
2.01804491964
2.00196010864
2.06497008222
1.9196057879
2.01782584479
2.06914462832
2.04610446969
1.96242506588
1.96013963091
2.00300990438
1.96635197595
1.93753506356
2.0071522322
1.97339580825
2.02939053521
1.99998830721
2.05433782843
2.08602965188
2.0760735217
2.01945437935
2.14436505777
2.02780745313
2.0351461705
2.04090099478
2.02760900065
2.07255584869
2.00121251968
2.06551596597
2.11047925952
2.12355624589
2.1111595875
1.918394279
2.05776998386
2.01790698424
1.96416412231
2.1062757712
1.9714072794
2.11136466151
2.01371259913
2.01666734546
2.02636172429
1.88783163556
1.96858187467
2.0575321725
2.09236225608
1.99497370699
2.13711334142
2.11607053998
1.98009528138
2.04834203133
2.10972899687
1.99688176069
2.04748682418
1.97502170488
2.08226389229
2.11022461927
2.12681009543
2.11502653399
2.09522687456
2.08590288785
2.01531372651
1.91111324182
2.00628825909
1.97813166216
1.99237528792
2.07314395994
1.94800843513
2.09107912213
2.09074277005
2.12940304607
2.02978601563
1.83455514207
2.07727216989
2.01890631548
2.05364560555
2.07755107126
1.97949458387
2.09600192589
2.05239167777
2.07811320093
1.94504627332
1.91837822941
1.93475213435
2.01878112701
1.97435076818
1.95515889132
2.06172735181
2.0232369608
2.03240155929
1.9952262333
2.01155157369
1.92865292203
1.96686235347
1.95202504928
2.04005426908
1.89607747376
2.03101072347
2.1219579576
2.09757683089
1.90330445009
1.98321988222
1.95929436514
2.04118809655
2.07690237769
2.13892685941
2.06635740077
1.99341982615
2.06330753455
2.0380527294
2.03270290029
2.03182697383
1.90037258622
1.99025127766
2.03022236753
2.02561073849
2.0757992098
2.00755494013
1.98869187796
1.9676048238
2.10945923907
2.15069990557
1.89445753075
1.9939712404
1.93879386878
2.02174155051
2.01554009187
1.99607175422
2.0602904883
2.06223904645
1.99054487661
2.02664197609
1.903336126
2.03632997838
2.04590248534
2.12238687354
2.1277883884
2.09551268235
2.02665764323
2.02319230309
2.01306960872
2.09928020313
1.99692285319
1.90721100038
2.08790646812
1.99041838929
2.0225603072
1.97894830865
1.99045948198
2.06533382577
1.94599149832
2.07540343371
1.90408637917
2.0372465297
1.98260331389
2.01966129813
2.04392898849
2.02551076594
2.07943122622
2.0783489598
1.96460831696
1.98208347157
1.90817872889
1.89763657099
1.98591810599
1.96763663813
2.00526550192
2.00793755379
2.02044690046
1.95969037804
1.99233267465
2.04232760704
1.84885159859
1.96178447321
1.98624992132
2.02356988961
2.05289364123
1.97302446178
1.96991783723
2.07568969658
2.02806781557
1.97626267934
1.86238596141
1.93480543154
1.96732118501
2.00064611232
1.96443312693
1.96543814641
1.93895569074
1.96403232813
1.94781987256
2.01742083097
1.95198932576
1.89185701126
1.94537690476
1.99015604997
2.01758506462
2.07049992034
2.07213433635
1.93189587852
1.99318880412
2.04855368939
1.88555723381
1.99713470592
2.09022739258
2.06326738739
2.04423422351
1.96189721134
1.95330144128
1.95230506203
2.0265567266
1.97229088676
1.87801565745
2.03084170815
1.89521901092
1.95212384775
2.10961717829
1.92929623061
1.9646141974
1.9514608697
1.98284150332
1.97442987648
1.82653447194
1.95253708389
1.95541008396
1.93984277228
1.99958613884
1.95405442709
2.03546885663
1.99253762087
1.99310697025
1.94692841849
1.7947398178
1.95926328453
1.89055764261
1.8962287817
2.00912056842
1.95619215381
1.93061656499
2.00232363504
2.04372975963
2.0048207269
1.83488292336
1.93640286162
1.88332091561
1.95537943375
1.93739832717
1.90025130156
1.96279864401
1.9556468467
1.88772306418
1.99498252285
1.83728956485
1.93547256428
1.94633356926
1.96302195385
2.05223245776
1.9571541996
2.11209452373
1.94654257485
1.98802511507
