0.00497936582565
0.657440962553
0.530229555696
0.500386298686
0.453984514508
0.458128928319
0.467359711312
0.460317769453
0.461484412506
0.458596003488
0.469179998823
0.496223758049
0.504752748415
0.480454608008
0.483136560246
0.477977657519
0.493641484357
0.497288259111
0.496779042594
0.509926679991
0.497855739027
0.504734823957
0.497031688496
0.513422089681
0.495348001316
0.507068346813
0.514000469431
0.528268152758
0.522331632338
0.537047990501
0.509501625232
0.517927660108
0.529489241607
0.534213824853
0.525654075488
0.536974550702
0.545457931466
0.575281145155
0.529133868322
0.54340425209
0.551835076854
0.560923318267
0.558719642572
0.55766034225
0.558734274641
0.592830839038
0.55155834496
0.583389059171
0.560004146442
0.57365120919
0.565300758444
0.565680608496
0.575130977251
0.563399103701
0.587660422347
0.595551455222
0.570420618132
0.578239403099
0.563251575194
0.585031616181
0.556760790847
0.599153044201
0.588794812568
0.590827849768
0.588081442028
0.617795259967
0.609766203687
0.591445981719
0.620715853639
0.596343288876
0.609170112394
0.587493495151
0.621085528567
0.619334634773
0.594122051358
0.612533820689
0.6150252112
0.59376396583
0.599675035127
0.604664750129
0.596590435885
0.607775446661
0.613512760773
0.600770554051
0.605643667586
0.608357043706
0.625916181594
0.616097350709
0.652576036572
0.598970091976
0.621262297682
0.628689210847
0.636909900285
0.635395506427
0.609911512241
0.613597229272
0.613408489011
0.636124293268
0.603175125726
0.630132871918
0.620498333097
0.612112235695
0.630099553958
0.663155392423
0.661281346023
0.622637049489
0.645740550384
0.627151209466
0.635717968509
0.652790712595
0.644084147431
0.633353314009
0.65047943414
0.640520078845
0.648933054283
0.629437079728
0.650076184213
0.647392130114
0.629390933201
0.649214742422
0.633623272806
0.635748878367
0.652921655148
0.630461856067
0.673269882768
0.663673738532
0.647046220735
0.664482911743
0.648666950278
0.627836249582
0.656480582632
0.663209485032
0.671893017389
0.658834353521
0.660837626778
0.643539867714
0.643913668551
0.634364292942
0.637578106992
0.680192151867
0.647694451325
0.674878796816
0.686938258767
0.642842766494
0.660285898112
0.659328854054
0.67525071156
0.685317805164
0.656361914881
0.654918074019
0.641940438747
0.646340458684
0.670593013637
0.68541890344
0.683649474606
0.700524303444
0.681577793263
0.658500428185
0.645690809183
0.679591409273
0.650479363762
0.683740537658
0.650845465153
0.669059240684
0.687666997626
0.675043747842
0.663267784432
0.670427415699
0.649396066882
0.658275613084
0.673490261436
0.663456130609
0.693720042996
0.68856961479
0.672443706535
0.676310689978
0.691927969098
0.649576396711
0.668970083088
0.643624184288
0.690355008245
0.696746540256
0.682446507417
0.663677959405
0.660609731838
0.652980458044
0.654771100536
0.684064380854
0.661485179208
0.672773421049
0.66169146385
0.682772637494
0.671224735469
0.696438810438
0.646522174641
0.696638395168
0.681057374738
0.682580974013
0.672265160963
0.671650857568
0.670883121997
0.688343827717
0.680435962699
0.685675823636
0.685235999726
0.69044123777
0.656654978991
0.687611261748
0.666245283328
0.675709297918
0.654703521572
0.670896956451
0.696956731118
0.670298989564
0.690979724564
0.700707570449
0.683186686531
0.67670190569
0.710020341165
0.701839138955
0.691685099915
0.706278695643
0.669426968932
0.706512724079
0.717320950203
0.71898651313
0.698985050023
0.709318136685
0.677450591579
0.687779922292
0.6768018419
0.683883221574
0.669227887038
0.738004564762
0.69261323218
0.682994349174
0.706074437797
0.718639349967
0.721398222938
0.713610262461
0.727508055665
0.709606407806
0.694453156091
0.673256747089
0.687730828315
0.691584283993
0.66980119513
0.717276726738
0.725021408603
0.704586921066
0.70457761243
0.691222643636
0.674529142596
0.694627429329
0.705646381952
0.718316530585
0.716945320264
0.717354685299
0.729028887287
0.722740871996
0.708312799342
0.720962717719
0.721352659717
0.706482017189
0.703737047717
0.716523339562
0.710464759588
0.731211990424
0.691351818949
0.71425913503
0.750372819014
0.712566098623
0.711408018641
0.72480221381
0.709102605544
0.710167416759
0.689249243915
0.698979650445
0.739005143687
0.727199502505
0.723507793084
0.70316603069
0.718769228213
0.724320934683
0.70936356397
0.735600247152
0.728035099186
0.694779252432
0.711753677137
0.724020831183
0.71740061187
0.699237384349
0.73346495153
0.704887170546
0.72577768191
0.701024217479
0.738686125688
0.70453774862
0.682315802366
0.710487972327
0.738917260423
0.717213690229
0.711467333019
0.721174075089
0.724185932167
0.71711600586
0.722252763465
0.737167378515
0.704119571872
0.727503404595
0.731460425802
0.729495839156
0.73152657982
0.752950176559
0.736153576292
0.729081808172
0.747963683024
0.685431394123
0.742170409851
0.754795820355
0.732744740672
0.739355176486
0.733272605658
0.748863311298
0.7162835197
0.710705864392
0.745612652861
0.724058000512
0.736156815663
0.715486080728
0.755082170442
0.713012953386
0.747974110246
0.724992441051
0.723027251735
0.723234333359
0.700120061941
0.762128426731
0.727284046747
0.758822982989
0.692168708533
0.757600663379
0.700612610772
0.715639496915
0.738242351919
0.72164369987
0.725399849579
0.772361218698
0.740603045978
0.727602129348
0.745647442468
0.749562937789
0.736905901477
0.712527757786
0.731426492959
0.723525547653
0.728689938106
0.695627066709
0.742570628375
0.740229739107
0.750204353124
0.73606925451
0.742022500113
0.712028272033
0.753521494031
0.72673042307
0.747778315961
0.720462070815
0.750049695268
0.704465305962
0.703801819049
0.730384445824
0.748231570251
0.733914251596
0.756006473623
0.733375256181
0.731985570312
0.744897193864
0.752574933968
0.722233572878
0.711282189466
0.744832819417
0.728387501255
0.729590336561
0.734367969714
0.741238619775
0.732989503309
0.715118085861
0.719389427803
0.762333276227
0.733524821818
0.744125005536
0.716349435084
0.738400343388
0.732626512468
0.721584819846
0.744299558148
0.758482809573
0.74143653737
0.752843020916
0.751286086857
0.732618383609
0.734362256579
0.730546643235
0.725707303807
0.730465328768
0.724534968734
0.755712755911
0.718836090252
0.720528773472
0.749756720915
0.734056319833
0.778868982926
0.759721362829
0.721449510515
0.74344577612
0.716639269546
0.768151419975
0.725905508459
0.738738144994
0.763131386831
0.7286241569
0.731157475665
0.739318662949
0.729706849553
0.733451155014
0.726805066667
0.695787163734
0.728531051286
0.74025708387
0.732048093267
0.744139160916
0.740406371213
0.727328377247
0.74783217559
0.758280765787
0.74130039648
0.737935330048
0.721191340297
0.755284680039
0.7103762962
0.769248349652
0.725245712206
0.762293681011
0.741387171574
0.755626795679
0.747489405014
0.744489297651
0.759509819105
0.720413167067
0.763373113856
0.755047722228
0.729309641317
0.754796373688
0.744248361662
0.748246996716
0.725412179932
0.745476186492
0.735875809796
0.758997097172
0.765414416
0.736446955532
0.772172770828
0.754952188313
0.755378609985
0.731927684933
0.758709408604
0.747102255575
0.737758498229
0.738895548433
0.757951581389
0.748813010119
0.724795793079
0.765986352362
0.753980211943
0.753850324012
0.745317408815
0.770939372204
0.771445435375
0.717573865347
0.776032940976
0.783707375064
0.735544793472
0.746154851042
0.7414412065
0.745419894435
0.731935140774
0.747318978906
0.76579488425
0.749863467932
0.765623614334
0.776577515818
0.774530993044
0.775244394109
0.733219565637
0.772349934921
0.755705486298
0.742116496161
0.754500901543
0.728058445148
0.743898996331
0.76111871098
0.770803295985
0.740204219989
0.764752516404
0.757159070469
0.78700698483
0.772032948941
0.747880945824
0.783679035954
0.74758645919
0.767237716675
0.760033386566
0.728408989474
0.749602548406
0.764914908215
0.755888794161
0.747133907445
0.773814725786
0.748519433908
0.770715919405
0.741997131348
0.775983298041
0.760193286948
0.766501812041
0.764278694361
0.738343859233
0.767163037442
0.76107850273
0.730955436818
0.789511658736
0.751613611795
0.764532246001
0.756131508902
0.728387123786
0.748549822152
0.725670033939
0.74682796786
0.747596838146
0.754075807549
0.767239161961
0.736615269467
0.744713494599
0.774857619151
0.758730078273
0.767230487421
0.8008432886
0.744677938603
0.76907520625
0.778259940639
0.75517383337
0.752856090628
0.773375947602
0.766322676919
0.745721972533
0.730359356299
0.746162626237
0.757596688978
0.738503994949
0.758077926271
0.759893253893
0.767967319034
0.73570065926
0.77932191547
0.734830723256
0.773169005051
0.756682080582
0.762735946946
0.748251174763
0.76230450651
0.764445162117
0.768018384799
0.779236062653
0.741467919402
0.778197197273
0.738593373947
0.766324512661
0.777683404177
0.761012483299
0.766372854859
0.750863539137
0.77465509817
0.755550177917
0.745306730859
0.787053967051
0.74942718108
0.766062873326
0.747717654206
0.751511074781
0.783715875998
0.755755744137
0.776540887296
0.769714428596
0.747267483376
0.781689010769
0.766242187567
0.732103715874
0.772235233493
0.780917775199
0.769478368126
0.75062982624
0.77407418713
0.766449784875
0.764595790185
0.732017992228
0.753968070269
0.734915310338
0.760902042687
0.754864198789
0.739165932439
0.754824943677
0.777694000378
0.752816360898
0.771352732688
0.762723195232
0.764483852208
0.727468105033
0.746013787352
0.751406744599
0.785626434863
0.769505279593
0.759443821333
0.751039559461
0.778858245187
0.785271420166
0.773349852569
0.759270088203
0.78361777208
0.758386643641
0.746398976058
0.765965206273
0.796236243464
0.78603437864
0.756850783996
0.833325797245
0.78989556694
0.778518913366
0.782445578255
0.742730118915
0.785001937434
0.78679437799
0.743467313901
0.778050801501
0.76803518416
0.807017335266
0.740142821863
0.745023154803
0.773393029884
0.771779927723
0.794302125864
0.773301367216
0.811287680291
0.763087808572
0.777566813983
0.795998757713
0.754384644397
0.756762613297
0.757182546534
0.76151107312
0.771777307134
0.767622968167
0.777144497551
0.780959895566
0.765736854501
0.77976987236
0.770175874814
0.770438362867
0.786869908109
0.783041113973
0.749252784193
0.784397407234
0.782168714873
0.775035164997
0.772398612291
0.771968685918
0.774119524956
0.728349503309
0.76452254004
0.780868322954
0.764587175973
0.763102764875
0.775465239979
0.770894500807
0.797765538648
0.769067967735
0.797847362846
0.777312354945
0.790800400794
0.781044860087
0.766599988677
0.810103891738
0.769398521073
0.763832710475
0.789905045345
0.798052301001
0.749764225364
0.776311935276
0.76474851115
0.79376128462
0.798003407918
0.76343514359
0.766048673868
0.785215877011
0.757924878173
0.757619691052
0.804181413047
0.777470207341
0.7549623271
0.771280633695
0.773704690658
0.758385836191
0.795036940388
0.768234171659
0.790230989166
0.770342753209
0.788576718241
0.766382196359
0.769935490444
0.80326614631
0.790267954014
0.776902506508
0.781328583837
0.775611968935
0.788803555489
0.791193942688
0.771346832804
0.785923655085
0.764159213521
0.768277310982
0.745405735828
0.763562718123
0.794096764475
0.798175912596
0.793823177084
0.770816179469
0.806278019063
0.770668594539
0.780148203582
0.765941003457
0.802170773245
0.793997309223
0.773508307569
0.75904388763
0.789115305923
0.768101789936
0.794950044826
0.796409468561
0.759006906904
0.791230298862
0.774900193997
0.806808835149
0.785866090886
0.814143613175
0.768309072353
0.789675712153
0.805717959665
0.788437221535
0.762597633563
0.788662379898
0.806174636796
0.772913770914
0.789972163357
0.794426757529
0.786784013018
0.787979302883
0.78957337904
0.800680397652
0.765940980203
0.803319138438
0.808270639926
0.803257846758
0.786407961518
0.777376366466
0.808266933478
0.775557190165
0.822799003005
0.775749299362
0.770397049934
0.80198398719
0.791430006415
0.789288947828
0.797324488394
0.796870434918
0.77761861635
0.787506942265
0.829470060267
0.792702737294
0.824558617689
0.782842591494
0.789875119612
0.794247259364
0.790038848221
0.774345501311
0.772772313371
0.805063799456
0.798634101786
0.78448861973
0.802503495656
0.784947582282
0.780634700797
0.749923314579
0.826754850082
0.792180527337
0.78900037387
0.785339448646
0.771443340957
0.803147620887
0.782036079392
0.787167219326
0.797358289547
0.788369843856
0.801315820873
0.77115154133
0.821193993777
0.782610216297
0.807932228975
0.788048042506
0.794301398262
0.785016305432
0.802464314528
0.805123505078
0.80762733046
0.807813697569
0.795420130372
0.772536389731
0.798950295351
0.777364291705
0.81634751533
0.782601392083
0.786298555039
0.799676305525
0.795880506001
0.817843620598
0.810147717312
0.823937321417
0.800807666697
0.796981519371
0.79259002012
0.814963797346
0.768428987928
0.801714873992
0.804494007416
0.782343556218
0.77934415102
0.804631752826
0.80117656187
0.777143365137
0.809480194688
0.802421744794
0.76806634786
0.797072067723
0.804131552204
0.794142452702
0.803590454243
0.788158605851
0.810221838191
0.80000884258
0.797936582878
0.795605761543
0.790007929228
0.793986430071
0.816170141891
0.783716249324
0.78129494109
0.783452576078
0.808045476027
0.817684422471
0.803962895453
0.760813283563
0.799456165038
0.780613032021
0.779409119241
0.786630822614
0.784716892704
0.807512559719
0.785887065828
0.781798585117
0.764427022159
0.770897064745
0.80457309068
0.806364529394
0.783560242742
0.812077709571
0.7882737749
0.776240409583
0.798185888998
0.773789445639
0.792652983628
0.819345780693
0.774231206395
0.813477904782
0.801893328652
0.806071171932
0.83278042955
0.791095623299
0.793469018981
0.803933406897
0.81130615218
0.779325422153
0.821130942151
0.805306592986
0.792206842087
0.811288406335
0.79614235986
0.826113099933
0.80996245905
0.786416143127
0.780497608639
0.785438467175
0.786633760162
0.771956436463
0.792789961755
0.778996445425
0.8076329863
0.805888660595
0.794469851889
0.809192104802
0.8082752527
0.776546198159
0.790857317723
0.776059778415
0.818016079254
0.79809099593
0.780502349488
0.788618558735
0.802366689995
0.761951259553
0.799926092185
0.794917896956
0.765496337108
0.797810012355
0.802988493741
0.802044158868
0.781609467782
0.823361629136
0.800730771273
0.809109593317
0.789318103023
0.783978751626
0.788001877069
0.807444879301
0.795439684726
0.810370273076
0.793492918752
0.787548893906
0.812085349716
0.816615892597
0.817590339415
0.806093892775
0.791227778845
0.783205577783
0.786289638206
0.771658737503
0.809284237377
0.81425448136
0.796618567564
0.781991917826
0.7718729016
0.807249312051
0.798047897182
0.784819713518
0.793018145598
0.78994377739
0.774569820791
0.82553761778
0.794846434452
0.805981950447
0.791655876465
0.824843246222
0.807477968454
0.787648615234
0.818465789162
0.809406475633
0.789446137331
0.807571303152
0.785959787056
0.801639736652
0.741950298473
0.807682704128
0.795614348672
0.793258902945
0.80191695334
0.784835953899
0.797685287267
0.790559593409
0.774415170863
0.808026691668
0.778416894734
0.800582860835
0.819034252793
0.834865075782
0.776413293868
0.815758996494
0.811897313371
0.806646791533
0.794200722806
0.806387762569
0.805007536821
0.81876208248
0.813334299855
0.827008961134
0.818404598139
0.78270426387
0.804039210603
0.794848263234
0.82676092992
0.809013715573
0.802287177391
0.79351103434
0.773464942887
0.813999815002
0.800712345205
0.789407636993
0.804884085603
0.809098086052
0.825701147422
0.763627492212
0.804957214706
0.796064953998
0.806180856466
0.806150278896
0.81752114208
0.773299082652
0.784480886184
0.807150515378
0.821159581199
0.809004970871
0.803302702822
0.793787477098
0.822607752092
0.791951631889
0.800642157041
0.793076694801
0.813115979142
0.804646938898
0.793083479308
0.810514012054
0.810802022599
0.784676754221
0.784760188468
0.851409788482
0.776181222931
0.783154652774
0.798790754482
0.816122761875
0.79365725518
0.791353366569
0.807766455382
0.808683561221
0.826234849304
0.82441099669
0.786280487165
0.795615161024
0.821460504718
0.781114525981
0.786074553668
0.776859126315
0.85784991619
0.787455211967
0.824735298015
0.823899555653
0.789977162063
0.788998549998
0.810689053863
0.793939129829
0.832204702497
0.806673683219
0.795624803342
0.831664042003
0.787058936924
0.80431931553
0.835177370429
0.833768323153
0.816177740023
0.822070577957
0.831111923844
0.780872545846
0.790596406378
0.817618606836
0.803392931506
0.803655066058
0.814741689757
0.823640997298
0.808759854935
0.805907169819
0.816509923764
0.802173635088
0.850555748984
0.807391589448
0.766040496059
0.853669259444
0.820638869137
0.812621259563
0.80074866505
0.820061470404
0.793152254552
0.816439698569
0.792885360301
0.811762840442
0.79769206813
0.812855881229
0.804131427102
0.808442294553
0.793494577937
0.791782087527
0.829963427283
0.815276554145
0.789719732553
0.835014806218
0.802540192097
0.823840581141
0.805976887144
0.800692482516
0.843472772777
0.812357734993
0.806124555454
0.797374467425
0.792938930362
0.804040255137
0.823353067517
0.827647310622
0.792421019763
0.818503608875
0.838977717429
0.798952856801
0.785776790813
0.800315724336
0.839885646492
0.798216705397
0.806066009276
0.80537487331
0.801550382167
0.799592155054
0.793801694244
0.822177076273
0.83998616343
0.792239810191
0.803820457377
0.802160799362
0.827002190381
0.808227004863
0.81032413172
0.832049963102
0.83944715824
0.802780362591
0.792835784152
0.822721392572
0.837693326056
0.802050510943
0.821155345201
0.806301077843
0.813458445244
0.818912856594
0.827488989588
0.814856757388
0.817067436643
0.821748597316
0.829888606772
0.833169986196
0.814797300451
0.826494274721
0.839536996208
0.832657650128
0.815536532007
0.8294914416
0.820711581796
0.812940638371
0.835576727107
0.815089584112
0.802632594861
0.822143709488
0.783726172097
0.843995374084
0.813167110614
0.814022189923
0.792859021775
0.834465711102
0.839942331642
0.816286871567
0.837936212547
0.837244295053
0.836161338083
0.841891098842
0.809567024805
0.815160270832
0.856196906336
0.84418057698
0.798593215071
0.811368916057
0.838646676965
0.83376676432
0.806961251654
0.817438659362
0.799247974336
0.803719932586
0.821351675868
0.83622665786
0.818095136277
0.823724731751
0.815730141982
0.798386089385
0.817180475615
0.834052637041
0.817068572119
0.822699937001
0.80694584287
0.804707994685
0.797690258421
0.810102754615
0.835747972444
0.831058271818
0.814723263629
0.788062190421
0.849791502245
0.836620082587
0.841238910176
0.799922815725
0.807284598641
0.8152003498
0.856088854581
0.796669949695
0.832101643503
0.864102032661
0.805854763933
0.809807787918
0.822460753255
0.832327811092
0.806247685812
0.84071171701
0.847511227675
0.812522518754
0.810816620208
0.808938944362
0.850530801341
0.832351939633
0.859648371615
0.819897707276
0.811846993454
0.832435222231
0.844931510776
0.808755586959
0.837192182638
0.810859282836
0.832897358611
0.819350280918
0.84445164834
0.81791872526
0.820771838546
0.786539590791
0.842452377737
0.780885486409
0.823264240563
0.807807622693
0.836719382167
0.82438170597
0.844783399872
0.815512338355
0.825331364229
0.795883130498
0.817706080452
0.834841411471
0.792841535978
0.817995576426
0.823629571475
0.795944324248
0.823932352051
0.781663789734
0.826409663096
0.81483584699
0.798657906651
0.810893351547
0.816069104515
0.817896480113
0.821338516191
0.845262779593
0.825767878823
0.819397056498
0.815727561839
0.830739870824
0.833260064848
0.854012173846
0.820569846213
0.826068721429
0.818940583915
0.825557711452
0.828394699961
0.840554153614
0.834113995045
0.810380765058
0.813659030527
0.828002003342
0.836975110799
0.835973470643
0.817107143909
0.798604751058
0.814885473654
0.817884518228
0.835180393845
0.822524149418
0.835268537104
0.835855487406
0.815486309402
0.845326726183
0.805753584713
0.822705776438
0.813724268176
0.825538885921
0.846945041642
0.815153651536
0.820751710653
0.82070461306
0.824976745047
0.859842779502
0.836748300448
0.809431700476
0.842305481777
0.833014466979
0.832732730895
0.838475318819
0.833819156513
0.801582926475
0.818252595514
0.822706023321
0.804910345428
0.837788254537
0.803218119346
0.826040926844
0.82468806421
0.839652159527
0.829037665367
0.827129554704
0.828809224308
0.843984912023
0.825192101136
0.824380963728
0.849127226219
0.869587057695
0.842861276045
0.814021289639
0.813937186323
0.823849974632
0.832064352952
0.825773494735
0.79915183194
0.811642954618
0.805837393224
0.794213250436
0.788713385962
0.825973928817
0.849925868794
0.853024862416
0.837428239562
0.824784556434
0.778888823569
0.825383789256
0.807555315487
0.841764455281
0.819432553038
0.836220404692
0.819709771819
0.819005512819
0.827928366087
0.809339089908
0.812918482184
0.822456504509
0.821932368353
0.827198989876
0.831397472046
0.802095745459
0.818289297581
0.827837210096
0.819517493322
0.843690370269
0.821398500219
0.863468755059
0.831886469178
0.813605695426
0.831425571032
0.849015800316
0.818831243433
0.818792909004
0.825427463688
0.800638681017
0.793313889273
0.833125855438
0.833440188542
0.821168635346
0.824990087837
0.831302933104
0.848488754481
0.830642277516
0.834377769448
0.818655785248
0.801423435248
0.843811183095
0.82454399845
0.834192835711
0.845628566533
0.850580391265
0.8315732328
0.836539208837
0.854471452795
0.835045362681
0.837000105873
0.867205325849
0.853671786688
0.792533557765
0.820301367983
0.872862934798
0.828237425156
0.832050534613
0.840088660732
0.786945278086
0.830393234372
0.828481286041
0.840587351352
0.823399907492
0.845327946417
0.834569292106
0.82143353875
0.825370197102
0.808293693431
0.831150757484
0.807489815474
0.840051794566
0.812725271478
0.825191577256
0.836282362215
0.799850770332
0.828536737807
0.836624891371
0.813384475708
0.807165616035
0.810461129934
0.84250622499
0.83129369013
0.834819469005
0.823679070979
0.826249798924
0.85333666712
0.817802874729
0.80758963196
0.805022345565
0.846428246535
0.801684073903
0.808386216424
0.804239600211
0.82809206035
0.857880215071
0.841653223619
0.807934614956
0.873224032283
0.848128783263
0.832582269005
0.797404455669
0.822325675331
0.83647708825
0.849549377441
0.84173174455
0.877875618055
0.844073244482
0.829795963936
0.814022071868
0.848345540807
0.817458567075
0.815202936925
0.87952789063
0.835045621283
0.849757006288
0.831172776915
0.823531340696
0.838049244583
0.825202632129
0.823208896756
0.806547474109
0.822127487406
0.861564830571
0.845669895537
0.849786884531
0.82085196019
0.846616635993
0.829079085834
0.833495802313
0.853754790917
0.840918910079
0.831641387999
0.815618637674
0.838352760397
0.82297846172
0.839967183799
0.830561182424
0.816303808741
0.864795951255
0.824868904591
0.827391633153
0.846238953009
0.867468225464
0.794395105697
0.849780936435
0.840443657443
0.814173274979
0.815485937737
0.847034441411
0.818715361834
0.818782927148
0.840370300829
0.849531484149
0.827685380466
0.840763199031
0.838644837871
0.835702987753
0.81719022157
0.857979063623
0.821778906003
0.793662896842
0.820231758185
0.843376621932
0.859272621222
0.841127981782
0.842716507077
0.834257490963
0.8326133954
0.821143335968
0.821003336631
0.828409120128
0.849194499761
0.860221776873
0.81480067458
0.82771996171
0.825276593298
0.826223393437
0.831904286392
0.822760815866
0.837674694851
0.841529434152
0.809920021661
0.825858603388
0.819847392313
0.834251168318
0.828515260361
0.862075356297
0.821104677908
0.83207759925
0.836630045041
0.815535872892
0.855453388743
0.847173817463
0.841481558949
0.839856529377
0.859369957596
0.818728593908
0.884564589143
0.863663381189
0.816721038528
0.83256833601
0.818469463497
0.84867928984
0.839457716763
0.825155999526
0.807177584745
0.83923612766
0.831048138328
0.850670548141
0.836309214763
0.860773964286
0.838062739067
0.846554441109
0.823756915815
0.843894126393
0.805851187795
0.825347952612
0.809460341059
0.824123660341
0.820655271053
0.836217149757
0.852457876883
0.824688790217
0.834338746391
0.823344363123
0.851906407446
0.84491021546
0.86703626278
0.818921309225
0.856211355709
0.862716778658
0.83460050381
0.822304709859
0.81151057703
0.873766765155
0.834946072698
0.868956879944
0.843652481809
0.835726922601
0.834263067782
0.811609087691
0.866629493475
0.822456588469
0.85646379634
0.824292927466
0.839244625948
0.827413611278
0.827733764082
0.856201429822
0.826860730954
0.862535590895
0.852227020621
0.854807337001
0.835637069762
0.80704240308
0.864341825835
0.844325282417
0.865549018987
0.832070930831
0.830784839153
0.842529291198
0.860545248196
0.846529748224
0.880566231646
0.836338180803
0.850132887751
0.813129048213
0.831925783895
0.830043660156
0.847531343795
0.845346004084
0.819586593315
0.83787020883
0.857923273176
0.797530295819
0.839687132224
0.842828258276
0.849818275459
0.830960068747
0.81486883904
0.854970573753
0.83685237059
0.8523598103
0.876814652339
0.863075409323
0.867364423625
0.833242976405
0.806792914763
0.819849068336
0.838507860534
0.854952519134
0.824953100011
0.845764809594
0.824794872485
0.829935802817
0.846783946484
0.834821374185
0.839125855178
0.835289188243
0.841658543713
0.838814468525
0.853157146506
0.84887467695
0.838403647289
0.841878371932
0.876941601321
0.830431755297
0.879112046294
0.850861553468
0.81639016705
0.829527033567
0.814148333713
0.86865609999
0.785250286244
0.866441162512
0.839481432609
0.78854050459
0.828511956327
0.850740710691
0.84435174644
0.845186955012
0.821579669207
0.811741906457
0.83993828205
0.822264148951
0.869567467749
0.827361536123
0.856227908827
0.812763330027
0.841989202641
0.838660186455
0.83635565722
0.840089888275
0.855587504372
0.820034835972
0.834641569555
0.847728589863
0.85214509888
0.849750228003
0.843806179561
0.864371574797
0.827420573711
0.815584801547
0.855787547737
0.859144441389
0.842125543654
0.858021671578
0.837749006517
0.8157551044
0.843015752934
0.85395304779
0.856752586246
0.862476541638
0.828348965451
0.826084139578
0.874604157373
0.840215802036
0.84094271984
0.832546928212
0.82924822101
0.844376398712
0.856447021663
0.862878874786
0.836162975229
0.842619427942
0.844357143223
0.802507886112
0.841447195746
0.848849671207
0.880243292518
0.81791298756
0.873513377637
0.858047848657
0.874121472538
0.857691292383
0.835302744955
0.848426751137
0.845308517277
0.828168060586
0.846540117301
0.839255697787
0.832326933734
0.846196001962
0.897788648859
0.831190920599
0.848663067773
0.860939889729
0.822828706421
0.834062191635
0.85271197506
0.823643480465
0.865600245461
0.825888587043
0.823351286925
0.822125839263
0.844044763558
0.849092691258
0.806420855753
0.862830482915
0.877355136037
0.848348526679
0.843558807492
0.846096505195
0.839059608161
0.844489423923
0.821272745945
0.842699836753
0.872769944727
0.823371661291
0.83831075006
0.805254685983
0.846465410978
0.835657581165
0.836536474392
0.849908480562
0.847426387884
0.835840867475
0.842542743243
0.854953242153
0.866688202702
0.84511410407
0.839486492999
0.856373861335
0.84269662185
0.867263464049
0.829993101068
0.83876339215
0.819639657073
0.85642785383
0.843635135122
0.849762520477
0.856655625716
0.859780788705
0.857626262158
0.840479828067
0.875180607542
0.807703495212
0.844156303003
0.836662231147
0.863726982273
0.868943179213
0.85295318418
0.835606416322
0.816680171371
0.838002923913
0.830922095582
0.868879994176
0.871385411479
0.868136107475
0.836490917429
0.822033948295
0.848407332905
0.837750440672
0.868154978335
0.830165157631
0.837147257388
0.859186415993
0.849803000741
0.831902454145
0.861935713805
0.845948475845
0.883291588604
0.864431528628
0.831514943838
0.842879956514
0.839696998753
0.8601623215
0.842394447364
0.850833614171
0.813859833077
0.834225774325
0.821210651271
0.860586781584
0.84269503808
0.867832812145
0.84925279671
0.82794661162
0.847650719255
0.823972053304
0.866074771374
0.840608254522
0.840084195137
0.8382545176
0.847782697164
0.859875878617
0.853297329143
0.841500402637
0.832233267277
0.82226265613
0.858547403552
0.802466675155
0.863262185454
0.831775434263
0.828492138408
0.846456240378
0.831976103157
0.854671708442
0.846919713877
0.842831240043
0.835959923446
0.842047595181
0.836682757199
0.855186229818
0.848275056839
0.85185443721
0.845365445361
0.818125265725
0.846371735767
0.842491635799
0.830317142054
0.799573056862
0.853404215589
0.851866044208
0.826292479232
0.882533187188
0.839772458337
0.833740839303
0.839165559106
0.794202792272
0.830189818844
0.848672083892
0.846067479596
0.863145556293
0.858394489169
0.826731326915
0.850650073603
0.860779741287
0.822662299015
0.850853778802
0.860720118575
0.825313604616
0.846171197072
0.822608213887
0.812776282422
0.863966403358
0.84468558567
0.849527622893
0.85145433902
0.848302494593
0.854975628361
0.862418899029
0.810488388263
0.883386000201
0.859873362035
0.834227422535
0.847915413186
0.852828294545
0.824432954669
0.805402965479
0.857256058812
0.828083809599
0.843162780628
0.854786097221
0.815279383183
0.840401569836
0.818172095247
0.825669777922
0.84244304575
0.857299147174
0.825311249509
0.815372469552
0.850308988616
0.826534643441
0.846403287902
0.837469643027
0.830628762975
0.841538360633
0.838486458309
0.851922729544
0.86479065562
0.846524496756
0.846636728108
0.827958290979
0.831802196339
0.856734471656
0.888871360101
0.845746207066
0.855289770007
0.853446409687
0.834722281776
0.851265238427
0.861788590796
0.825103532456
0.856216525793
0.82563189891
0.872756616861
0.837920318738
0.829304598086
0.815999590665
0.853950039484
0.84093556127
0.838937160462
0.821393390037
0.862766768008
0.852417413764
0.84817105756
0.859767928213
0.862422784906
0.839265956484
0.870544778533
0.809248674475
0.845168697819
0.868425693728
0.820644408368
0.808604253449
0.857399872951
0.8251653139
0.81624786517
0.862555736646
0.859735023223
0.817083027475
0.835397042252
0.811201161832
0.85992333959
0.860158027835
0.820674222782
0.827898884967
0.861300385907
0.826238326713
0.850126964502
0.822848596498
0.826020908616
0.83522353629
0.843060214594
0.822907401882
0.876449697107
0.826937799044
0.86548486881
0.850426539406
0.868464537725
0.834002444379
0.861527481593
0.837609520935
0.858039897263
0.862144462779
0.858874552608
0.84626441136
0.81846495039
0.838816501521
0.823014095642
0.829905272424
0.842681495026
0.829150098003
0.848529860392
0.843005995311
0.833674186267
0.835641497925
0.840680016994
0.853055094205
0.863100974128
0.87357649903
0.870667533264
0.854262801617
0.869659180269
0.886638999313
0.864779543012
0.826611988485
0.822162702814
0.863309249341
0.831277322784
0.826963182457
0.822568830393
0.857468226001
0.832729711622
0.858249377176
0.832612408109
0.838577003971
0.854681939788
0.850884175763
0.826974526562
0.85006148304
0.823143744931
0.861702129975
0.861317641571
0.856798640609
0.857739320964
0.826045801617
0.845882654428
0.867716564417
0.848507754482
0.831033799052
0.844960434072
0.859160956189
0.818299032785
0.844020652205
0.861798094913
0.848216986217
0.839099298134
0.858428443357
0.82658797051
0.835859340906
0.859274321571
0.845329206981
0.853572024405
0.863195569433
0.86648386538
0.838579743825
0.82028331922
0.850579891853
0.869415324606
0.847517903157
0.873876609944
0.84997526601
0.848750584349
0.8488334122
0.865450055085
0.87013317322
0.838967410542
0.857849251747
0.859607882619
0.865616473868
0.84302383703
0.829074122474
0.864807520062
0.853798538223
0.862488410212
0.856584203348
0.870574293658
0.857491435371
0.859850451738
0.810908245601
0.846545931056
0.844770675585
0.826872138411
0.823059131265
0.86988893988
0.821040673532
0.852735165231
0.84071864441
0.853770455875
0.847818858474
0.854105734058
0.849426101357
0.854642082952
0.833707282171
0.850558593959
0.842085153624
0.79610790877
0.875410515368
0.858182489946
0.861336206548
0.834518617623
0.832295222484
0.840081443936
0.814088370316
0.870181861356
0.834658426322
0.820463862449
0.872639975138
0.860285845086
0.845494863816
0.83232634607
0.828742539935
0.84672675965
0.850506763853
0.840377902344
0.877860912621
0.858537458591
0.870904000051
0.8300034623
0.875952004232
0.854965023443
0.87413781447
0.86674449791
0.857793853655
0.861158132941
0.864465590909
0.835615629755
0.865808968931
0.838273520604
0.830707423478
0.865465759024
0.865701037206
0.837028458342
0.84442775023
0.864731486142
0.826015303388
0.818634037368
0.801666510746
0.84053651391
0.836183562249
0.893410726279
0.814929820932
0.862676234938
0.84353620851
0.824013565063
0.863551900327
0.822817182228
0.856811412632
0.848502037257
0.837546339497
0.825091558859
0.832285872653
0.848782769673
0.868923088901
0.855519868657
0.884786584429
0.847970958255
0.879921196334
0.817354377642
0.818387415141
0.83742542243
0.836739826269
0.851942713849
0.835778047919
0.843812736452
0.820879987687
0.807245906271
0.832049314775
0.840719815791
0.849728245735
0.844228595413
0.867540802859
0.855861278258
0.809084625669
0.833816796437
0.867380002402
0.839179833278
0.83422600311
0.838380352132
0.862951026596
0.814281982481
0.845417292878
0.836268740505
0.86622314395
0.839303340279
0.859736771755
0.868549820602
0.861834660396
0.833178362012
0.841049481831
0.862884783804
0.858109598458
0.860404612504
0.832355513588
0.837773914903
0.829102431394
0.855741575286
0.824156424604
0.833718039185
0.836723386809
0.851214270294
0.844949344978
0.834967459455
0.833687534295
0.859856059723
0.855318849497
0.873885574594
0.841621082097
0.823542756267
0.841500595361
0.839933773957
0.875120534599
0.870785242312
0.844832161747
0.829736997843
0.847375492856
0.855585091293
0.809494328938
0.832697601914
0.858462933525
0.86222872287
0.818811842486
0.848698145717
0.846262020707
0.86876419019
0.845815462366
0.827796367362
0.856665731408
0.830158736989
0.834411824301
0.834067419596
0.822585060015
0.840401340753
0.83954859668
0.830917145409
0.841034341224
0.881352469914
0.831764477558
0.837715554342
0.846371077791
0.811555364072
0.832639459848
0.824850922093
0.86706556116
0.826714929827
0.854778891072
0.828402797274
0.875340133086
0.853596610494
0.829826496691
0.85608208219
0.825119457491
0.861821064427
0.856611762129
0.847187202737
0.858318936072
0.886658836238
0.86412865036
0.820157414854
0.842339639813
0.805982595794
0.813355180718
0.868706344068
0.84421212367
0.856847728536
0.843974068612
0.848147052214
0.823167028025
0.841036853187
0.844912496552
0.840183679819
0.840710526168
0.84393244189
0.857939038619
0.816185059831
0.855075282991
0.84501798021
0.802891126394
0.843709132649
0.8032395401
0.880972678959
0.830563148677
0.874334069185
0.865585367598
0.817995623015
0.85946755258
0.862065256186
0.844187246814
0.839522648238
0.849860078044
0.830584049061
0.885846214324
0.834041221656
0.858188740224
0.832067992814
0.824737529524
0.883043776073
0.840047770105
0.842327680901
0.82760604021
0.858779210299
0.852044357657
0.869162412912
0.855079123765
0.836863226667
0.865445497885
0.854646690123
0.864188114785
0.835041773789
0.833056297764
0.803746916242
0.868343800128
0.85668237029
0.862295168512
0.830371778354
0.827195177883
0.81162201146
0.877143762343
0.842653062209
0.852433392696
0.844410156645
0.857379104465
0.861599006042
0.843934247985
0.886849091254
0.868748381428
0.835698506571
0.839770662375
0.865452240825
0.895498739161
0.823656241544
0.822448836543
0.849236970529
0.834502139442
0.868288232543
0.862448450565
0.85866070421
0.840334133521
0.842942198798
0.832707608171
0.870867267281
0.840047209278
0.840917025112
0.856598574676
0.8516903833
0.86687472599
0.820380805485
0.830152996242
0.864152665451
0.803414042726
0.832620791897
0.856419767208
0.852211825088
0.871922803298
0.848420896582
0.847658119686
0.866106195636
0.827775293402
0.861392230101
0.853843562648
0.876665797763
0.877999472566
0.865728858382
0.845067021795
0.815799156457
0.824727602109
0.834607518427
0.860624603778
0.863185265042
0.865283641703
0.816574372917
0.816334598973
0.871519497782
0.844084372975
0.901759379387
0.816721012898
0.838012028858
0.865302478433
0.836459606126
0.813097605012
0.840216334388
0.867413790517
0.834021837912
0.843990924791
0.839331145599
0.830249684758
0.822507585503
0.851800631694
0.853293994397
0.828079867668
0.843018544354
0.846057157695
0.83896507664
0.848593111388
0.892491447069
0.900733248591
0.83443777895
0.829488537014
0.878126131266
0.842284689933
0.830614312232
0.847892420001
0.838489790812
0.846708305195
0.822557778358
0.868082762748
0.836701100521
0.842985644072
0.858294666097
0.845980821237
0.843240651801
0.857799569972
0.843940805048
0.844785175174
0.849602556743
0.811302760527
0.860860956341
0.831851159811
0.834276237838
0.878275899805
0.822764755882
0.82320543921
0.851382636763
0.815261436135
0.842934879571
0.848557865217
0.824653688692
0.87219897148
0.822481814578
0.822328921646
0.841624893583
0.817977844208
0.832018974587
0.858246536985
0.839767182693
0.839321422718
0.862087911464
0.839746463448
0.834422039092
0.84193997331
0.839922985233
0.858878806815
0.843404996611
0.840683320574
0.899800649591
0.855275173247
0.863597584762
0.837456300825
0.869500772446
0.825979128264
0.846192763679
0.848219651625
0.84910303726
0.870307843052
0.83958261615
0.828714595273
0.86154601486
0.842708724506
0.852318229452
0.852648738503
0.853825650036
0.798456573956
0.825857230768
0.862693404384
0.821245140977
0.861476846375
0.840838365316
0.816432678118
0.869756061748
0.84628093788
0.833237683862
0.825642768458
0.844258787327
0.857447213434
0.839591870598
0.853282952562
0.874612838268
0.854457557045
0.816635693714
0.840846351273
0.883235806644
0.856019924223
0.83944664108
0.853497625574
0.834181806579
0.8563229772
0.85935502892
0.855783701874
0.853126758881
0.867431589954
0.855024216153
0.875135702848
0.873594240144
0.841791378073
0.816782325223
0.830022933781
0.844454347454
0.867448751979
0.825275152721
0.848269508898
0.854057799481
0.839732385188
0.844646493584
0.861964238003
0.834837062731
0.857541997477
0.84677423986
0.823314198561
0.821720829695
0.839243459031
0.855756577305
0.823820248693
0.872619014248
0.862276432261
0.829457151763
0.841741686583
0.842803944938
0.82678836222
0.847431147151
0.840082906015
0.85359406434
0.8528925329
0.896562945068
0.854379548386
0.832687808827
0.834119609468
0.866317534432
0.815263921395
0.843739762619
0.855837173149
0.845964246713
0.830401552878
0.836333530165
0.885232792653
0.843660838775
0.857804445498
0.846496393792
0.829394128554
0.868725048795
0.822700007409
0.883618330382
0.849149221845
0.84400644926
0.835685113885
0.866758960456
0.85013309373
0.866612547643
0.834885458
0.857970989324
0.837104932167
0.872728700913
0.871142128512
0.847273450702
0.850848198295
0.857526019141
0.837656624481
0.841863266163
0.82788236355
0.823623714425
0.84688755507
0.826249207422
0.887904190384
0.813308443949
0.885009015754
0.837610052079
0.841846901841
0.842812550873
0.808775671154
0.845239347637
0.853597885437
0.867410220362
0.827073600471
0.85807133431
0.819814463675
0.824633322001
0.83219954665
0.845752307996
0.860469564572
0.830852893993
0.842927446306
0.853482199103
0.846715881974
0.856022847071
0.838324407481
0.853280895382
0.840548366383
0.860594420142
0.865444171056
0.845132612899
0.827150333926
0.837181285582
0.873842035539
0.824999133505
0.846900449157
0.855701604821
0.853362629771
0.847612405345
0.863231131561
0.824674365684
0.846106934838
0.842225328296
0.85191797372
0.845794780746
0.87387072742
0.841810182787
0.841337768912
0.848402256146
0.823130241767
0.868060148001
0.856582982115
0.836863913268
0.855462502375
0.853629270487
0.891925535187
0.859433042474
0.867037059478
0.851803661428
0.812751387551
0.863540222451
0.84110637635
0.849861930057
0.873982472472
0.818216082022
0.893929342143
0.840943579301
0.85577819287
0.846542436644
0.853352302328
0.84530090718
0.843862591103
0.855786163121
0.857746604897
0.84694838275
0.866393746592
0.879725281782
0.858208250619
0.869702750906
0.811943028867
0.837588074796
0.853680932425
0.846994262457
0.845693154104
0.844763751388
0.843521188356
0.8750480588
0.842207569934
0.87422752434
0.855385606065
0.841902087852
0.854845515855
0.877450879462
0.845520117231
0.859409451239
0.877191712573
0.835632557459
0.868589527518
0.826041420527
0.85732659211
0.855747902453
0.856040382288
0.855067993879
0.839822506495
0.85953647738
0.841206599317
0.88347511477
0.836822695822
0.849124738231
0.854848519363
0.863674777821
0.836903125748
0.859322603457
0.862388315439
0.816165781707
0.839854081094
0.833297035567
0.840894457653
0.825330742978
0.859780296572
0.853772502676
0.832121831678
0.829905799612
0.862378860682
0.817733090401
0.880764577113
0.825880017191
0.877433806933
0.843631972469
0.859803981319
0.849534749418
0.842460680872
0.897737843275
0.835709040955
0.844760595001
0.837752857238
0.88311574322
0.836378064543
0.843473382406
0.868808390491
0.864056006432
0.851973946825
0.855977019452
0.879481391892
0.841570150301
0.8414193689
0.845451613761
0.811421462238
0.875992267437
0.869146006018
0.874018024772
0.847178053685
0.837006568663
0.892074539058
0.83894475925
0.839435045414
0.850998216018
0.858147173792
0.862627053402
0.842791115969
0.865713097066
0.831418032676
0.883137993917
0.851125117943
0.848544708461
0.858329293691
0.875898367122
0.844475340262
0.858512336545
0.884255143285
0.860017514944
0.84026058691
0.890884697899
0.855317909718
0.838535942495
0.862605570368
0.865507111832
0.843540030956
0.820344071314
0.833208504453
0.860273086131
0.832738570243
0.893490629792
0.832015314616
0.826979389139
0.82392953112
0.845692411363
0.853071699761
0.823797656044
0.835902567402
0.889911266141
0.8647260134
0.8317325041
0.843613289729
0.821892042629
0.868066283815
0.854638811268
0.844434595406
0.847759830192
0.821405449353
0.856792670466
0.895707472183
0.854438644223
0.888157504879
0.855939119101
0.836553790949
0.86467185425
0.881091569588
0.823199908301
0.855851125576
0.837261259675
0.83663757471
0.84254259491
0.862738614261
0.846954040118
0.838173053779
0.880771217853
0.862723219551
0.834749597639
0.90862277399
0.84226758457
0.86032851097
0.832169048354
0.865458281614
0.855065886334
0.860066846542
0.852765952177
0.835859263115
0.87530199562
0.819638404839
0.857165313035
0.864514282152
0.854288531855
0.849171458133
0.83560430409
0.839160587408
0.828856203884
0.866309701897
0.843391768686
0.890093570784
0.8550673199
0.833240381539
0.859469411127
0.85404409501
0.833052161574
0.856323688112
0.841604303956
0.868321838714
0.851339143269
0.834287354618
0.873508437932
0.840480227269
0.865574930303
0.825948028535
0.847079042509
0.85205479376
0.841245830558
0.864980166651
0.849608497694
0.863562601492
0.850327234395
0.864364135385
0.83427786991
0.825014832377
0.84861859972
0.840591295704
0.825780931793
0.866394122541
0.877719072863
0.845656376965
0.868475998707
0.833586111024
0.843126838461
0.813675668128
0.860865574665
0.820565286428
0.838396694809
0.893064960659
0.832318009913
0.831764378943
0.868656062953
0.861932556592
0.870623722777
0.827304610983
0.864105006129
0.853003131717
0.841049172021
0.848607430547
0.860530935749
0.850666926086
0.897503988311
0.869362434387
0.845331168473
0.843876800187
0.82546228385
0.864955741577
0.843211078659
0.87281818752
0.854611866467
0.836481270395
0.847885167524
0.84822064393
0.863412651502
0.843237585671
0.868753822073
0.830275532462
0.873394674443
0.853442224398
0.870542310953
0.859453660786
0.877384306215
0.829175537817
0.835776415005
0.849490455076
0.862828325577
0.858688609548
0.851921074927
0.865167754516
0.860342108369
0.859982917145
0.812633895919
0.854831274554
0.832651260093
0.855133825295
0.842653702393
0.846577719569
0.846729061641
0.850491540864
0.855199739724
0.831480181828
0.849114071481
0.860024126366
0.842502213493
0.845150703639
0.82769728446
0.882762082651
0.832056470565
0.875650819898
0.837050565384
0.840912724197
0.830494062364
0.873399903938
0.823214878291
0.837379116476
0.831739001274
0.877034501553
0.862403161839
0.839638175435
0.860554004222
0.859282706261
0.837360550478
0.841815120175
0.858761167094
0.861329020888
0.827121378563
0.851178549439
0.852589969702
0.844552383438
0.870609875582
0.825979834594
0.844890392393
0.829756425835
0.858284192398
0.848839377515
0.855321987592
0.846011653885
0.853617229998
0.84305346778
0.82846847719
0.86353723298
0.843238880672
0.821581723735
0.836532420188
0.835636712879
0.853767557263
0.861684302181
0.842155679971
0.838026854657
0.853345769279
0.843877290368
0.847656113237
0.837082199506
0.8806217103
0.845407643661
0.863221822441
0.84449326577
0.838684683979
0.829890508033
0.891654793829
0.857291536033
0.865772858001
0.823770602241
0.884232695639
0.852220674813
0.845840630308
0.85579043816
0.861779721349
0.866737180717
0.852022350825
0.853124026991
0.856320664033
0.840733905874
0.82387185201
0.833759852275
0.843586716332
0.857645620771
0.874935050257
0.869029631399
0.86595647075
0.832861970246
0.881199371114
0.876653242141
0.87930331789
0.869113725394
0.830986851804
0.861241291076
0.840819350794
0.867402975887
0.83672210674
0.842952696435
0.880069341853
0.870773703441
0.865538951561
0.854143051147
0.839977773994
0.845573458303
0.855053340793
0.852385009691
0.822753945708
0.838970108286
0.85947120291
0.81722377573
0.864810691141
0.852314866319
0.855722068362
0.842589359768
0.853475862391
0.837695275828
0.832705853574
0.870065856583
0.871913145378
0.891555190593
0.813955356382
0.861890381455
0.845835498884
0.846202378668
0.876295166165
0.82389669095
0.834570643902
0.871339310929
0.83871815908
0.870940632492
0.856652080648
0.846538278729
0.841569151171
0.82755593174
0.821684449494
0.835550481975
0.867616249546
0.870363673396
0.883081056669
0.884183561072
0.858483953699
0.84456536001
0.852303667858
0.833313108146
0.838479680672
0.824526945576
0.861665263772
0.867146371834
0.830626251221
0.856419760905
0.815632150978
0.840856738418
0.850883738592
0.846046400949
0.870986108974
0.834179374099
0.872492874078
0.818158948764
0.869519345194
0.861571729474
0.834471113138
0.844005157739
0.851553891197
0.851744510762
0.861779152364
0.835701500833
0.832985286422
0.836730954409
0.821115433484
0.861822920308
0.84627251716
0.849188639499
0.873690568939
0.854913735926
0.865622551046
0.849035799563
0.835949329749
0.861893714778
0.840608174406
0.85292586343
0.843776465818
0.846685714386
0.858016397044
0.849995729923
0.8474049033
0.882738230869
0.870872441702
0.835674348041
0.836612652771
0.842499174729
0.885978181139
0.863286462545
0.829575805977
0.84775217963
0.838071507268
0.852473340288
0.855824294828
0.852815557189
0.852981485724
0.862592570759
0.868506734774
0.848489831507
0.846427649319
0.8478591704
0.844698785
0.857158049487
0.859194826812
0.86028762605
0.812323648386
0.874923858728
0.850396276906
0.842239892438
0.864950202309
0.86650388734
0.819467524253
0.870124280438
0.831744670473
0.859123223491
0.83110183721
0.879916993011
0.849950732253
0.869784215942
0.84976307182
0.856799359962
0.836156693771
0.861441726327
0.876284944721
0.83487435662
0.820009090409
0.862532304607
0.831016110323
0.854314689264
0.824101901963
0.895699771233
0.827524593681
0.856908387296
0.846616723463
0.849169087037
0.819845269166
0.863485494286
0.84971293509
0.85406481263
0.852163950734
0.851328729697
0.868542375803
0.854746138714
0.859945380598
0.855662300453
0.85883442232
0.864683200322
0.852127569728
0.853693962649
0.859905815139
0.870990587816
0.808973639421
0.881318327159
0.84764479842
0.840744651295
0.867212710619
0.874712785564
0.853942020148
0.841625302598
0.857993692212
0.861687252864
0.873834117018
0.84014534235
0.827501605488
0.83980706691
0.850657202855
0.858939625628
0.818002329193
0.861861088365
0.828145714015
0.853671569645
0.85881057518
0.890816684812
0.8668038297
0.868402734816
0.865837430798
0.836104200162
0.853436562821
0.842687356383
0.844979159489
0.845542004868
0.836340268165
0.832000843219
0.852078178734
0.852489826828
0.865583939329
0.861371169686
0.881851495899
0.849739764638
0.866905169316
0.858452742472
0.86179770045
0.858488711655
0.823108054832
0.849166032217
0.853363239229
0.867609118938
0.882795665197
0.865571557909
0.851601829715
0.842097054258
0.851215760298
0.840578952461
0.846279789776
0.870065243617
0.833388142899
0.869866986759
0.85408715564
0.861705920517
0.84161316967
0.83950335592
0.822881821901
0.855661381423
0.866226168737
0.834918920249
0.854349334083
0.826888322189
0.836084614635
0.849862388439
0.854650257558
0.855165395744
0.856697798349
0.853242584318
0.880338240415
0.857551476173
0.859920349218
0.851110238209
0.827463567048
0.827258922547
0.873335873708
0.849665531188
0.856713136606
0.873155837469
0.874498318404
0.853061075479
0.85024017445
0.859956303649
0.861219122425
0.83068197301
0.836343802564
0.865856998295
0.849674981579
0.889054415047
0.841386698395
0.87865413525
0.857744064406
0.835776108474
0.867044516861
0.849009911738
0.825282739244
0.839619139291
0.870280700535
0.855770510055
0.856041062355
0.836308486089
0.832012074061
0.872933652677
0.829906368285
0.837700862586
0.836897762299
0.848712620594
0.864543182708
0.819454358332
0.846186900914
0.89399133873
0.844033985272
0.819136910081
0.877744098581
0.844683284596
0.866472466484
0.847669179581
0.862538222492
0.824862353496
0.864345124707
0.859354435138
0.860963026121
0.911278786577
0.860537607282
0.837293447822
0.849911377564
0.877665233746
0.868790853336
0.878026658997
0.853797063351
0.85284097904
0.857959203549
0.844794279121
0.842057492785
0.868190696634
0.856826137081
0.833607033379
0.850995851859
0.869645646647
0.85409184543
0.877415855102
0.852634668037
0.883557820246
0.871219985865
0.876138416253
0.872053317465
0.868600714669
0.809621902823
0.843860165782
0.84033922147
0.864187879205
0.866254273295
0.855769763969
0.837670152612
0.863706275932
0.836758406617
0.842860134631
0.887424751595
0.843865717649
0.814654856622
0.867860758327
0.857058478624
0.853120002866
0.871957882769
0.855850032791
0.849458855726
0.843375902809
0.831024675898
0.890836963162
0.834488292858
0.870836312875
0.839107265711
0.865217432804
0.841209037811
0.872082499489
0.858159027718
0.85941043891
0.830553610541
0.864934666961
0.842742694147
0.897261044435
0.865501711242
0.869001617089
0.848090858467
0.851619520232
0.848459501773
0.832900530018
0.877450112812
0.887780683912
0.853479563385
0.848985745929
0.834337309629
0.842495426849
0.849900124721
0.845481472112
0.890341905743
0.860278618567
0.889547139592
0.860086843535
0.829814819597
0.896502238989
0.828323561765
0.877468231022
0.858093151554
0.880813406445
0.836805049412
0.874729833543
0.881301508024
0.831723482713
0.853632209316
0.859761279725
0.825517922401
0.836532533944
0.872542048022
0.856024526335
0.847197709069
0.865860485271
0.858462882012
0.868978111006
0.82790355739
0.881768415295
0.862116341338
0.86258060535
0.857686452225
0.827586936675
0.833849574596
0.846427047119
0.864876563981
0.863810073555
0.875311046056
0.854373106115
0.854454913147
0.852740314133
0.880048167907
0.878692265123
0.833347884789
0.856968334086
0.878430248536
0.843352610163
0.894139685407
0.841027848274
0.858789064012
0.861838221721
0.873320717119
0.866399435222
0.850048334345
0.848218164504
0.867494093597
0.868512626164
0.840481864043
0.844872167476
0.871170276649
0.855993407823
0.88009705174
0.863157158986
0.847176846489
0.857294412181
0.860399393193
0.862221291721
0.860052805856
0.858678037368
0.873861556396
0.858436514437
0.84879036355
0.865313641071
0.845830547661
0.85691898191
0.875830658153
0.864723309539
0.867160258286
0.853552296788
0.843711943835
0.855374192528
0.86125092005
0.897676112719
0.836327333897
0.891905696601
0.846122449741
0.865175871484
0.867984908924
0.839925321624
0.838913687594
0.846150803544
0.860582997352
0.835795226462
0.846108425297
0.882512656815
0.886703246742
0.864817729175
0.861492600605
0.86239166081
0.876023892209
0.870960330777
0.824451737054
0.835418495245
0.847951948188
0.850647685409
0.866633102059
0.841097776294
0.876613345891
0.86773904819
0.876987454586
0.864338896252
0.861193933032
0.823956778556
0.84978189411
0.848795139804
0.874637091629
0.847044709831
0.848492331669
0.833124951005
0.901340512887
0.885643159054
0.847776071683
0.841469583094
0.837909494653
0.819704034053
0.870959531352
0.834087950923
0.853948270783
0.820665298373
0.850275526717
0.817390092932
0.875243471801
0.830029659614
0.841509590909
0.85408086367
0.834767132945
0.860664488681
0.827600928955
0.817504888415
0.884331474312
0.876481815323
0.859699334688
0.869658660442
0.863566979028
0.860847266808
0.846287140518
0.85019035545
0.818175860398
0.844194016002
0.826481773004
0.860921378881
0.859906361669
0.832099404208
0.876961129829
0.8516955387
0.818392762184
0.846517103143
0.855343047164
0.832056740291
0.84662965098
0.842469294757
0.873321524709
0.826838738561
0.848588924564
0.86511424765
0.815710958235
0.872890834257
0.853042243127
0.841434828319
0.861486169152
0.832877527438
0.8586643053
0.84818193236
0.842657211192
0.866255583264
0.84701042708
0.845854998298
0.853864499912
0.867992128611
0.829390793681
0.885750160664
0.806291661449
0.837248508625
0.855040754579
0.848770111695
0.864126000911
0.854634360909
0.843900013484
0.859730726063
0.866768692531
0.868204105072
0.857551443346
0.848090739802
0.88742130018
0.888380640194
0.870526808321
0.842002623968
0.870483147256
0.873758528203
0.862934733227
0.859324676216
0.822178566992
0.856451006293
0.881387344733
0.849321859896
0.868371318579
0.868858372279
0.855657882005
0.864020598814
0.856341245279
0.845698410094
0.897169846915
0.847452803679
0.846470952749
0.849980017558
0.871308200464
0.818516411766
0.825279061802
0.849888137095
0.811101461947
0.825585721955
0.843936214805
0.875691381834
0.869714630261
0.84756819579
0.846815051712
0.861097635821
0.887412848234
0.85888941589
0.858723209828
0.881202855259
0.863661869988
0.838693575606
0.842784230366
0.875977779776
0.829256996602
0.885306021683
0.898093691684
0.82998542542
0.844896566242
0.872059546523
0.863099347308
0.857773711786
0.826461099029
0.859471438684
0.854180754498
0.844074935891
0.847527409017
0.859014044069
0.823124894343
0.862872447997
0.844291941635
0.874275402583
0.831153937221
0.842113093659
0.855170625649
0.873016883448
0.855474319093
0.875064037435
0.852164924212
0.819997321539
0.847335021809
0.849561072968
0.855157963917
0.850689328991
0.864059291698
0.862296634115
0.906103587896
0.864873072974
0.851691387825
0.886110186204
0.865076219499
0.885105664246
0.875517179206
0.835219249137
0.869343583569
0.86788689857
0.855774152607
0.835674604625
0.88262347313
0.871979762003
0.869047930762
0.825783630647
0.880987503327
0.855931235224
0.879964041539
0.874797667474
0.857578393549
0.874361409545
0.843089782633
0.873427520379
0.831250202887
0.84983871714
0.848203989521
0.836035719991
0.828271267608
0.889208974749
0.86683578451
0.87707487075
0.819169918537
0.879992843069
0.842571228489
0.848190780848
0.851668986626
0.834729332834
0.82516084183
0.848595012113
0.854721856773
0.851641029909
0.848495338283
0.827119529486
0.844297892831
0.873975632027
0.839501895204
0.84957058607
0.847392868727
0.849481592298
0.834287420899
0.83319107651
0.847699881494
0.852115578651
0.871846194439
0.845723666601
0.86411965555
0.853974621177
0.830097032472
0.846784642056
0.854070046902
0.837271091208
0.863489586771
0.861769455485
0.844083894983
0.885240790024
0.841410987258
0.834712583162
0.837002017744
0.906544213891
0.868074267045
0.842872369945
0.863536362208
0.858564024858
0.88977783531
0.840593465023
0.862412374988
0.861220741972
0.870897028618
0.857237087429
0.879138649322
0.875666169554
0.849155982867
0.853073277123
0.863216523409
0.834900034301
0.871394025378
0.870372562304
0.855639161088
0.850450550854
0.85520292978
0.885017069556
0.843593693465
0.846962210074
0.877673715457
0.86138028948
0.865827015199
0.84906965524
0.8771883021
0.869470370568
0.825257022083
0.852699518315
0.864741265513
0.858949948832
0.850428832725
0.87254438553
0.852679778464
0.840047001429
0.846349231556
0.867759745963
0.849240412749
0.832115810253
0.847872341484
0.864966101304
0.842224654794
0.859534688331
0.872695032366
0.853215738639
0.857401360244
0.853279405884
0.845251094013
0.848042329386
0.859106144957
0.848302251615
0.872348026305
0.839738915883
0.841975089125
0.852105366394
0.844345448442
0.851953398667
0.86925809148
0.840510434739
0.856297519967
0.843226339623
0.844801454514
0.903252068006
0.841043618366
0.864553755388
0.859541280761
0.857884447753
0.877857277393
0.854768293299
0.855324641854
0.845497382909
0.841215855822
0.879137312911
0.807324777648
0.835953963019
0.873933271423
0.866589840516
0.849577187926
0.855307978131
0.873890778258
0.879097283676
0.896957216091
0.8835820418
0.883223937228
0.869658597954
0.852337812848
0.840933922254
0.839590191424
0.873385821775
0.864485857159
0.838836411953
0.883569033884
0.855074159265
0.831858566612
0.856369117856
0.879127358228
0.866798574507
0.86070165424
0.838543832213
0.85089542371
0.859621140271
0.88932632453
0.872916958928
0.878762802124
0.846983119227
0.863443932116
0.857944716617
0.841951494716
0.863848003164
0.861810332805
0.845453396656
0.847660692334
0.8581151096
0.837503679998
0.821733530752
0.86588931106
0.861665762901
0.852081853434
0.834485340133
0.856819268979
0.878214423329
0.863909898877
0.835837248266
0.86338622918
0.857956903219
0.847845239639
0.859867523998
0.842705633812
0.864849470213
0.843097182252
0.848378009483
0.838544860207
0.841408742398
0.840216357455
0.857074296251
0.861602910176
0.848076535352
0.869601439446
0.832306905933
0.847588254467
0.855927849703
0.847823590182
0.86561959292
0.854468789876
0.858690914087
0.851226311661
0.861342207171
0.831159285232
0.852341812968
0.839180986702
0.88712973883
0.867225420862
0.851016474023
0.877872226484
0.871407522328
0.839518002465
0.840262176648
0.845695510343
0.872999597661
0.879441696219
0.795264483817
0.877373286247
0.846336970918
0.85367288696
0.846199719593
0.875008476257
0.852824652284
0.861922950312
0.869356117144
0.856595940731
0.862566028908
0.853631614275
0.850311258152
0.876089780971
0.85748748152
0.850046742439
0.851422915161
0.881460000068
0.858582615972
0.845597646788
0.863406390652
0.849410625063
0.86897669141
0.86860766428
0.878274380662
0.824506172836
0.8373753279
0.825701026589
0.902210387528
0.835820552535
0.854928859815
0.83640595749
0.868277502291
0.847496972665
0.812702176049
0.87248622077
0.852636145033
0.844821129985
0.868153179377
0.889125634275
0.85214641244
0.848325027868
0.856234721921
0.871236081198
0.852965806596
0.852730485767
0.850926361308
0.862394021213
0.840672199145
0.830993941262
0.85516649729
0.826397945203
0.865587284409
0.860761011593
0.831051336527
0.857964411847
0.839123289391
0.851973732427
0.875988472648
0.856645923063
0.872529748663
0.83642816069
0.873745684125
0.84319500865
0.857110457785
0.886689869791
0.860703262962
0.849309233226
0.870625987239
0.84438240096
0.855781341225
0.874697112568
0.819956317239
0.856279903829
0.860066797979
0.884849667527
0.898911651313
0.873344059274
0.851356797963
0.888463862546
0.835486635439
0.857729297459
0.854293627806
0.852254430316
0.86515597108
0.819751716658
0.861738378853
0.868518393651
0.854428065047
0.842576856613
0.827205941834
0.824005653873
0.810682128325
0.862154955827
0.890988963753
0.829908622272
0.848201983824
0.857599883519
0.902120079435
0.831355393566
0.854262879565
0.844259357437
0.863280439779
0.874434322402
0.838482285313
0.861181275688
0.848870392501
0.864393476129
0.865774377629
0.825599468745
0.849403264299
0.855878798425
0.839125061326
0.850024929322
0.84891562023
0.864367794417
0.825592888236
0.840860102013
0.881237707339
0.875682309389
0.843169272311
0.870375018731
0.83795724044
0.868670168839
0.861077208251
0.843080305986
0.87266643893
0.840550563835
0.853478847831
0.841887600206
0.889604468599
0.846197016411
0.878765812948
0.865542189784
0.88263326706
0.856315752156
0.886370229095
0.849846592292
0.871939914763
0.86660656105
0.846558325171
0.875312029496
0.856227217585
0.870795692354
0.854221400119
0.838148459539
0.868458623454
0.838088335104
0.871042526603
0.827782319114
0.843027231865
0.872895800136
0.833925207242
0.844811126478
0.88273184745
0.860295794025
0.842087489903
0.829715209194
0.853845255718
0.900896345645
0.863682718009
0.844673424095
0.797627109945
0.84388299872
0.851259833835
0.837006933615
0.853194298059
0.848137470022
0.894167346671
0.866938972197
0.825291278295
0.884655521765
0.855611654557
0.854941183947
0.871569520898
0.837882835492
0.857511580609
0.8267629591
0.854758002803
0.829723708987
0.869768866584
0.864430613048
0.85585254097
0.865094295114
0.823663988292
0.859738787472
0.842464377262
0.871703334272
0.860992161877
0.854177360617
0.863173521519
0.866231163539
0.844866624676
0.856659720182
0.850414795272
0.865434431545
0.877215212077
0.832053809159
0.854877801843
0.83455518312
0.861999567501
0.851134437568
0.886076285258
0.853694923073
0.863885287739
0.858067556791
0.850491587088
0.871917375468
0.874656788908
0.86512651214
0.844035194665
0.855512962118
0.85573554749
0.871571654953
0.862530128576
0.842740241058
0.862177371018
0.86951887729
0.882222456276
0.82810499423
0.838290680185
0.841332314081
0.842298514023
0.845423429213
0.872493941672
0.846522061609
0.827347977608
0.851035668299
0.849327957094
0.859977472357
0.836065021932
0.87180387041
0.866661242306
0.868108708754
0.853015972294
0.856941482365
0.869044048473
0.852519854009
0.86108304961
0.851317468293
0.858741291761
0.863638264038
0.845977987073
0.866579517126
0.851146892801
0.838031949192
0.853924968384
0.847659450457
0.873665770955
0.857996842146
0.83854143393
0.864165825658
0.835278642438
0.836767490089
0.868306156658
0.831505499296
0.880758276083
0.864168771513
0.864472058073
0.859164696701
0.852098764114
0.878491422392
0.839396288276
0.851957667448
0.862839921229
0.833309093237
0.843003566444
0.8493845063
0.84406985914
0.834632348225
0.861162037179
0.857160275802
0.862519267567
0.852622146592
0.878043600827
0.814862361297
0.841469220817
0.86469182574
0.871192919374
0.882102139369
0.869096188784
0.872134426393
0.853858829595
0.838881264605
0.852122619838
0.848479924664
0.860861233212
0.880927962944
0.849073409729
0.88081459897
0.843316343293
0.865812453359
0.861592789911
0.842995679855
0.815413300246
0.889564210728
0.875477530673
0.87023261226
0.856815138802
0.858983956836
0.879418623216
0.890541755944
0.859589230821
0.858231698692
0.886674840882
0.850043346941
0.845728369802
0.849029022902
0.864457277037
0.880816201948
0.878210998505
0.852120223664
0.87970502682
0.829090094492
0.881173074782
0.877945200562
0.883432344556
0.86242012497
0.842261092648
0.87094896549
0.860034359172
0.84711405053
0.865741227955
0.855735916644
0.84195095776
0.849090371817
0.873926298693
0.815791468009
0.850215764306
0.850540438704
0.876834132783
0.858563820571
0.873261709392
0.842274939589
0.87240553005
0.871424496025
0.840072283007
0.822311660349
0.859973867565
0.840800812438
0.864677866556
0.829231806673
0.846433553889
0.865974027172
0.883744822614
0.878232129514
0.840451738827
0.849032884061
0.858664667949
0.854034338303
0.861792945683
0.88198862879
0.820445015229
0.826482543744
0.865883593708
0.869025103882
0.846488231584
0.839760150604
0.841176232211
0.890289488934
0.832684066586
0.875807572998
0.839056389101
0.873519340456
0.820937416583
0.861830815904
0.883672209844
0.867231973208
0.840031453788
0.841660992652
0.866871686786
0.845326260909
0.864229297668
0.885668208517
0.873774142072
0.866869398221
0.872744996801
0.807965303622
0.852326192953
0.883735988565
0.886284236319
0.842194052294
0.858271973141
0.868386132546
0.866680242389
0.858388955787
0.860631992102
0.870178293556
0.849837489232
0.853726908557
0.867125435941
0.869452091284
0.85511725238
0.83651856178
0.888927375913
0.836651393458
0.83416069942
0.843796394251
0.846016342416
0.866005308136
0.82197735206
0.84564217142
0.875129141524
0.882227059685
0.843281758323
0.867831191041
0.860581222758
0.833932513162
0.840658047386
0.873674197271
0.841524026945
0.847187047035
0.870498463213
0.845138295986
0.863354203157
0.852586245149
0.848766717538
0.84734567222
0.859431749679
0.869092769124
0.876202994138
0.845615119018
0.837377577886
0.856058731243
0.847833743013
0.869857385918
0.872481335759
0.859938631907
0.829490899451
0.870635689914
0.871782647118
0.848640465073
0.853821510777
0.851483295076
0.862745814256
0.84992286326
0.864862132825
0.830221677169
0.866576912984
0.858860925697
0.871625448421
0.868059063017
0.881929202341
0.817097998269
0.85946775417
0.86953581135
0.837614310242
0.881315880373
0.853396295056
0.843578045763
0.845370969161
0.81576251249
0.846380884215
0.825673553541
0.862536543541
0.868011287302
0.881715886533
0.882084124282
0.845804818586
0.86473269736
0.818888757206
0.847835033268
0.890650796816
0.862109996691
0.850249220312
0.86422109659
0.850949156448
0.843399094805
0.872747888774
0.892160313681
0.843643984705
0.872126755595
0.842925692528
0.845670401499
0.863047831297
0.843427379943
0.881105470613
0.836957843378
0.855722118109
0.825581400938
0.899353465587
0.895956179626
0.83285299392
0.847554608122
0.880063958898
0.855951191112
0.864262708843
0.820100130484
0.841811433814
0.846454419702
0.848846609533
0.848785845749
0.854086291716
0.848887435779
0.854214563057
0.844109642103
0.857225025162
0.87003607519
0.838215719417
0.867998895615
0.888253086999
0.865019057408
0.872244507231
0.829911470585
0.830313026495
0.8661114856
0.8306015452
0.884258364275
0.848651529886
0.895051331438
0.837297466256
0.834822215199
0.854483364239
0.882734478861
0.868244652301
0.838470496237
0.87189885287
0.855552524552
0.881029327549
0.829974431209
0.857570949852
0.860590365343
0.854101845317
0.862748027347
0.865930563211
0.847340671159
0.880874711484
0.842235785082
0.864864834666
0.860775400914
0.82300687398
0.836520794556
0.863118797049
0.859417442873
0.883048695527
0.865510358319
0.852797806285
0.837649234593
0.90756639079
0.835148556843
0.835417790711
0.861542062424
0.832935535736
0.854115661226
0.861569029704
0.862872237131
0.865857103869
0.888497534357
0.858940550394
0.845211024508
0.883896492817
0.846285700232
0.888955817625
0.878215789907
0.892378653198
0.847971244194
0.849794029318
0.850868527889
0.848625631876
0.862784077682
0.843136182174
0.838945216827
0.912737149544
0.870215155907
0.832983085223
0.879155265704
0.855156677082
0.862935132906
0.851695128046
0.849362796754
0.850952111974
0.844384157255
0.862365676187
0.840447290935
0.863595634378
0.86865779002
0.851251587763
0.850284729667
0.849831403047
0.835881366618
0.861518196881
0.82673505801
0.85135550721
0.886511776306
0.883893739864
0.882629210904
0.872744896516
0.862975452647
0.868725235015
0.874802954853
0.857319683142
0.848474699162
0.837369962968
0.879624037705
0.84982070154
0.880400186494
0.853610208638
0.861477157608
0.852461936988
0.875088377744
0.870165052749
0.846217847735
0.863162036911
0.85826830329
0.846347261265
0.85139178405
0.859155824974
0.866303699404
0.853920109689
0.869438634247
0.8872333083
0.901932720162
0.850299134962
0.870850008592
0.875828287542
0.861198339917
0.856703894824
0.870402083449
0.851522052631
0.850432441354
0.879202527195
0.848230206482
0.860886882171
0.858887136236
0.851480229512
0.864444296867
0.875417190045
0.848221886478
0.846145749696
0.85032279066
0.832130481854
0.847274208315
0.867593232982
0.864288315706
0.857110632479
0.874280111209
0.865963652313
0.846872912757
0.864404798701
0.844469465137
0.861860731706
0.852176439524
0.859059615694
0.894239884049
0.858692180976
0.81848531241
0.853046461478
0.85476175826
0.8514947851
0.860779719338
0.853437741093
0.89909592399
0.869156988204
0.845618668623
0.832144498192
0.862168033116
0.843506311186
0.891493176684
0.869419920139
0.86829883983
0.857219993278
0.864693619668
0.888572779052
0.850240893744
0.834592146784
0.890270299874
0.823620412566
0.835660078287
0.844825335309
0.859726897195
0.844758426778
0.858298790842
0.850120044366
0.867438919298
0.844660958022
0.838846687093
0.866777310334
0.863730902687
0.883364289656
0.842142894626
0.858083084904
0.878628434256
0.865971873045
0.842616412394
0.845923232242
0.872988998801
0.826929770119
0.853199889734
0.875339487575
0.863279175013
0.84781329152
0.881318865478
0.842628778227
0.853416611858
0.878031194821
0.858990681693
0.836791068472
0.848024193659
0.834519954585
0.858398779042
0.843856263049
0.87222450652
0.840874122992
0.858143794701
0.86175591819
0.847245424174
0.825140275575
0.887910281785
0.848681297176
0.851524524279
0.868857006617
0.87983064191
0.897067221262
0.867783095367
0.829184539557
0.876139739633
0.844633552983
0.858297252819
0.871882416651
0.847642333135
0.844113943756
0.872713231154
0.867417275548
0.852859369054
0.846142963946
0.875305238917
0.855936119445
0.895264574125
0.865890962929
0.860593438074
0.845677746683
0.891735016435
0.850965116054
0.85023306191
0.857553371795
0.907953007489
0.867427609704
0.880181799911
0.88280651027
0.840319392413
0.889656783439
0.843128872506
0.872431426078
0.850225062259
0.842881650873
0.861212849677
0.85066754856
0.882981699385
0.884853538029
0.869040782452
0.883048510082
0.854279818922
0.864162039198
0.852522572257
0.842395317994
0.867427663527
0.874277435437
0.84613118536
0.855897294201
0.84523950921
0.859374308951
0.875345138393
0.859877889462
0.872714987226
0.868789190471
0.862817931265
0.862100884221
0.864055151895
0.866421676807
0.845078875586
0.872501815096
0.876460343666
0.872936715312
0.852268428817
0.864822218008
0.864922631152
0.856217551336
0.837829991892
0.879150464348
0.896161295131
0.846262574665
0.847659263484
0.829796859272
0.875881209522
0.873808605134
0.845748223826
0.874868727386
0.850447230853
0.864912885576
0.83983596167
0.869611392036
0.859570597254
0.869350173987
0.851195560962
0.882845058128
0.837140534595
0.862116954021
0.874898895249
0.886390469477
0.849442844488
0.862038909405
0.83802735503
0.887721091717
0.87066143962
0.874563113213
0.888684955671
0.884146957308
0.850971183486
0.861572882801
0.858443438143
0.86867526444
0.862481855765
0.885314070165
0.823250421882
0.837820614681
0.857112536579
0.847082893878
0.845828106336
0.875962826781
0.857233997859
0.868393962786
0.858917405039
0.88735659004
0.863215051666
0.848820163071
0.871617550857
0.845953278683
0.897278579772
0.861049617648
0.843681445785
0.8603279052
0.838860806227
0.864792453848
0.868764504626
0.861986054815
0.875093565032
0.879609034784
0.865117782503
0.874602910064
0.84418617548
0.87919590123
0.85397841166
0.837280358665
0.883264761589
0.86274470304
0.871165838227
0.874835465997
0.836557863489
0.857303731799
0.883059476152
0.848733956024
0.834157439128
0.869574275479
0.855168238223
0.89755946362
0.862800402045
0.865567812234
0.887047587626
0.846183708511
0.865631490059
0.861925527498
0.836478297465
0.849465021387
0.845487344056
0.844026310906
0.79929351823
0.840481411621
0.866303915307
0.839182973295
0.872805731766
0.834244636938
0.858349040218
0.859022745438
0.868768924139
0.857721837431
0.862154040024
0.85322014416
0.872284573115
0.87511217387
0.880123371832
0.846888194188
0.861190076739
0.847779846013
0.898747369975
0.863461159572
0.892185582556
0.877597892612
0.862833465688
0.867591855161
0.859548914865
0.856346525177
0.850565676779
0.898013411656
0.852713259935
0.849219060138
0.876056716733
0.876839702532
0.877264598921
0.875441316128
0.843004076675
0.890703414083
0.847780666687
0.867534610495
0.85129581251
0.872142236486
0.86620020707
0.837835215688
0.874443265855
0.819864428423
0.854595798425
0.878987850256
0.86348535905
0.879749447942
0.879378854528
0.832552845456
0.853323965222
0.881907169677
0.899082327895
0.865062905252
0.868775828354
0.894190033749
0.870458430365
0.832491861217
0.838236768775
0.853970569618
0.897878244311
0.881267003469
0.827877869189
0.866756402276
0.859536788121
0.869746713221
0.864806274995
0.875262128107
0.853351099804
0.871799914129
0.836105276302
0.870275449581
0.866255804747
0.823192552887
0.865789872892
0.839233305931
0.855406734198
0.85211796052
0.864596637473
0.890715417095
0.886161604084
0.879446377426
0.871472461239
0.868715045646
0.878086277038
0.860641025409
0.889784366488
0.848186121851
0.872060547635
0.860651019655
0.86097751873
0.867332002044
0.812361997575
0.873748280972
0.837251595981
0.857287196428
0.866530179687
0.861286367618
0.855220540427
0.840348588102
0.898743266627
0.859370606847
0.85511934562
0.858317909747
0.8109397958
0.839099807926
0.865510642603
0.856974179059
0.874019905448
0.848052243114
0.852881992981
0.875834116548
0.860480635516
0.841796191871
0.857977498069
0.835079740316
0.839547183946
0.862416332506
0.866041096926
0.839492765859
0.879897338293
0.883283167914
0.894950899154
0.88923691164
0.862714814126
0.869564352483
0.8292160483
0.83900492993
0.845448113024
0.839156191833
0.819751455419
0.893499308117
0.84433001364
0.86054980284
0.846570375815
0.872999249496
0.856604140207
0.84718488773
0.825836070731
0.848664181232
0.871212916136
0.873613870904
0.866040179968
0.875071412668
0.877520912707
0.871041567758
0.869552921057
0.827701408476
0.865519030556
0.818013914645
0.856106047705
0.85755783312
0.85157032676
0.849200729527
0.837726290353
0.853901667967
0.886726420522
0.875488049209
0.857273625202
0.886212370977
0.855290761411
0.861596288204
0.862267462626
0.838279775739
0.862390666105
0.887185133651
0.857097976685
0.865636695221
0.829594255798
0.888871712416
0.873941982828
0.868874141559
0.869437690005
0.854167061605
0.858390741035
0.83679960452
0.873867997319
0.864116136029
0.889287692048
0.881849276431
0.856933743902
0.897526357368
0.856390959308
0.861593284696
0.859422086775
0.870042198442
0.852294247754
0.854185961053
0.883779850222
0.851744112208
0.839237026215
0.862306752026
0.843548333332
0.866977423638
0.85907854934
0.858963715255
0.895402821489
0.860806648314
0.857537703022
0.874068407528
0.846025036559
0.857139270127
0.844257160395
0.859610192075
0.864307081804
0.879219079033
0.866298414417
0.892953936554
0.875353612155
0.856498436138
0.871406825975
0.861185847968
0.850499956854
0.845705468513
0.896908443078
0.883311350584
0.843222423904
0.871426385537
0.853930450924
0.858784410745
0.860088927865
0.840119304895
0.861006537668
0.853748184338
0.867787685305
0.845549456365
0.852197141349
0.870178860068
0.859588760629
0.865928676166
0.881337502614
0.849097343437
0.858224591792
0.870864353873
0.870502270959
0.860860131986
0.87505909887
0.848412685476
0.870625681765
0.895263566345
0.85515076226
0.854093488939
0.860154040515
0.863335650101
0.875045563832
0.87385199368
0.86827558545
0.884636042282
0.846522338159
0.867507487938
0.838719760805
0.883755943373
0.896059307352
0.887613168709
0.842232618697
0.874876319319
0.887209521919
0.833960527897
0.86645274777
0.874372805104
0.875756660104
0.904227811202
0.891257185526
0.824397843383
0.842374541506
0.83951016254
0.890247270726
0.874857012689
0.806679769143
0.853219060965
0.838654909492
0.874614588782
0.863451980866
0.857709722333
0.862679282539
0.888641924292
0.888052902475
0.866705548048
0.846952423953
0.846159353182
0.857542950273
0.857425244942
0.883387876749
0.86338581562
0.876738590419
0.87325704436
0.886139308564
0.880408538722
0.852685695507
0.862191060565
0.865972509533
0.866660152346
0.850739468828
0.868196531132
0.831243920073
0.888135524511
0.839224977702
0.874325267226
0.892033131599
0.854834251642
0.846985488288
0.86376534722
0.881981064625
0.844228912868
0.859990198761
0.884788983569
0.841720128596
0.865640460409
0.847201773107
0.884621006772
0.883562990114
0.850788405366
0.868553008184
