4.59350121673e-09
6.09721109308
6.23030387977
5.32668188324
4.69772885642
3.52081442973
5.63160030879
4.67940880942
4.77478428492
4.99295217184
4.60860231506
4.54177470844
4.84975848308
4.91072597666
5.9189942339
4.92542442341
6.55347138074
6.4539149779
7.09840045482
6.93316141752
7.43868070649
6.84500048689
6.2689836914
5.97036343373
6.42752554713
6.64112113848
6.84983821542
6.55540036107
6.41758731508
6.34811196321
5.95018047549
6.89741030873
6.67241133144
6.42271461069
7.04088961867
6.2267648014
7.15337331215
7.36862454831
7.04469648783
6.53083252132
6.52216034857
6.82485786442
7.52011835012
7.11183357216
7.35175962874
6.8058338982
7.16351283193
7.4166974137
6.71637080523
6.75233059322
6.76704789632
7.05883046646
6.73468201274
7.05577199845
7.27519238599
6.87715716623
7.06212811668
7.06330411563
8.17770957908
7.49362844433
6.5533160589
7.4811614101
7.21048571744
7.23195786626
6.49445947854
7.24460311953
7.02709257497
7.48354380953
7.46057324028
7.01366117903
7.61193935559
7.24328599856
7.21484123359
6.51778841857
7.56444890297
6.8372489506
6.48925831478
7.39497966234
7.51386482474
7.42642734016
7.72168365967
7.47223935046
7.25426404546
7.3524708
6.72906651644
7.70365705553
7.72807718996
7.30459899089
7.27521828791
7.61925891481
7.28834314772
7.49450649749
7.34008670435
7.04231302825
7.3207356113
6.89761602791
7.81637204593
7.50514895553
8.27738302827
6.50311345711
7.62096907227
6.66231700895
7.52853946531
7.55622394664
6.90100391446
7.24996130241
7.357726051
7.6946956473
7.81508244389
7.202999163
7.14798386434
6.93286824174
7.53867516886
7.02712327503
7.06232939266
7.11507174035
7.27146401438
7.76403863165
7.557281185
7.54440196681
7.06337786525
7.37034098713
8.01823280784
7.23153407499
7.61826631827
7.23938453574
7.59292007041
8.12247616737
7.95568124703
7.63132588579
7.38586466369
7.41689543888
6.96383180549
7.36201590034
6.67814387348
7.10900166638
7.09540842164
7.54335683831
7.01260969114
7.3100404578
6.7556576763
6.6451780552
9.36114324987
7.54894513455
7.56538793392
8.02132937136
7.37455437554
7.08068537655
8.0281812456
7.66791130774
8.11489127123
8.2827953695
7.35688757636
7.30863556218
7.6498670613
7.79303182637
8.1730450324
7.16918215052
8.25626436022
7.12861690842
7.50823901779
7.40110605145
7.5255041096
8.20946705493
7.91099769715
7.89148189472
9.43139680175
7.63338807794
8.04207009404
8.02684976843
7.96863662338
8.8080759577
8.17567486492
7.68864455217
7.37993290351
7.76058651577
8.05025965823
8.5588016609
7.48200551957
7.49242990468
7.68526620683
7.48316373889
6.788457983
7.38425766869
8.32456915048
6.90247838752
7.69652528255
7.84762613557
7.70749181677
8.46448238481
6.48532744604
7.44831573848
8.15104976138
8.26344523343
8.22301779892
8.53220805068
7.87071809768
7.9549668572
7.91307195062
8.34496628377
8.21990047675
7.78976996828
7.52358198459
8.15149731757
7.86668853694
7.80069235108
8.44874858671
7.6146234022
8.83557516059
8.17386538973
8.26735813509
7.89326037113
8.14938112497
7.55862756222
7.58425019671
8.34278807973
7.80249718686
7.74589815887
9.04977560112
8.68762631012
8.77833330556
8.01329276406
7.97419954657
7.47499807524
8.47270791536
8.65779693387
7.77846418973
7.85570518324
7.58623117752
7.84377228463
7.80666533054
7.96135578743
7.63248127459
7.73544774114
7.45002484427
8.42781352856
7.5375805201
7.69919005422
8.71338552882
8.43891482379
7.53192091128
8.23103718437
8.83652091315
7.65746070182
8.17088546128
6.81071352495
7.88000723671
8.42701490476
8.06977993415
7.94616801601
7.61480031744
8.77880642579
8.19093516681
8.23206591998
7.14039905459
7.91739732536
7.62146521795
8.12272445124
7.44761243352
8.05405875623
7.66370963168
8.78147269329
7.33665475081
8.02177109569
7.83961692122
7.96945430577
8.67925172321
8.84076604725
7.74798440963
8.61512755834
7.99459843232
7.10096932186
8.35703749755
8.33568500745
7.79931869593
7.66710726471
8.45978050311
8.9867376276
8.18382973578
8.86627813296
8.07908581831
8.58693903242
8.99847649565
9.095351863
7.55247525065
7.5582114455
8.35613590769
9.2636878932
8.57735241911
8.58899625838
8.2716290427
8.78691894314
7.80679110566
8.14185612802
8.23448096934
8.62343917364
8.45700153573
8.66747726561
8.83615018934
7.80487028316
8.23775115104
7.87064344624
8.58223723821
8.25845572768
8.51226239674
8.17351338407
8.53523217198
8.5262968775
8.63095994882
8.65830111404
9.13064224431
8.19281305881
9.33683692655
7.57955137894
8.4755759403
8.85890313937
7.88667799133
8.26251751091
8.95072420506
8.41175246821
8.34104835232
7.96653659053
7.75088058653
9.18905878215
8.51492793685
8.73487939867
8.0612989253
8.57075931661
8.11962869349
8.50426261695
8.14734325844
8.43264660141
8.33585515481
7.92471013704
8.49854814209
8.54425406656
9.4232054358
7.76121949854
8.98206663463
8.69455942564
8.75052310018
8.15167073043
8.39311160542
7.96196834612
7.99441944845
7.96279278408
8.05493363352
8.70830742703
8.70535741402
9.0674819205
8.19526369947
8.5570285999
9.10465187454
8.97006975292
9.0310576638
9.26081205082
8.90011370721
9.12029387186
8.32403136566
9.1156269927
8.24983605684
8.91860060322
8.71784475017
9.31723229359
8.32427815031
8.84970808707
8.54731819306
9.09725251794
9.0400894049
9.29948688757
8.37458540297
9.50226213834
8.98727040346
8.72839005342
8.21364755481
9.41714649105
9.08798899134
8.90744360544
9.83536636254
9.35314018127
8.61894673109
9.04902137879
8.74915610355
9.02164165713
8.85484930596
9.03592549804
8.72020348018
9.02436865628
8.7558887458
8.5569284339
8.83036113711
9.10072328794
8.90569486658
9.61155539683
8.5769215517
9.16612027429
8.46257616976
9.5564400461
9.9110238713
9.3779336573
9.09772117108
8.95532891756
9.2182442148
9.62302655032
9.20097762224
8.86381644748
9.6481203891
9.2501039764
10.0238943674
9.64213602099
10.1907489885
8.64889260373
8.28369454962
9.1423399553
8.74327273136
9.54560221168
9.30187049365
8.95105680057
9.45642038691
8.3353496176
9.12998387605
8.95979741988
9.44476706156
8.95212196419
8.77558609608
9.60168165946
9.52052845708
9.19656808977
9.95625295411
9.09446122967
9.3806527454
9.02415168315
8.87140733942
9.42441065879
9.49986969882
9.81309620157
8.30479890114
9.45937647566
8.2472336255
9.70165021174
8.83115231889
9.22551342875
9.40346869195
9.69704664384
9.78252557489
10.001087725
9.39772625282
10.015184876
9.84864756924
10.6035461906
10.5168014498
10.1172823212
9.85212974377
9.75308791366
8.90197469942
9.92990141928
9.207765985
10.0030842583
9.69213131016
9.93171493307
8.99661583024
10.3379326174
10.2073916683
9.09976424992
10.4178494374
10.1987763506
9.32787698182
9.61740567082
9.31021200499
9.89479576188
9.36717757028
9.12197558132
9.7127939136
10.3169345309
10.3328388416
9.89505181184
9.89762516922
9.88932528201
9.00073792282
10.2125472944
9.93278592539
10.4913091689
9.96503801721
9.70832007301
9.32979216945
10.1676696305
9.98418214488
9.81460661626
9.43690164858
10.5545546871
9.78566646826
9.65845920184
9.7417308777
9.73524315223
10.5448057115
9.78167165872
9.75514307299
9.42188685456
10.1317288893
10.3130923512
10.0913404483
10.2479286666
10.3767951231
10.0683003606
10.1704816842
10.8403617933
9.50960146758
10.0466542429
10.4242671486
10.2594090227
10.0031327642
9.98852350587
10.8861480235
10.2497614245
10.6435281466
9.3374865908
9.66054645807
10.2219589462
10.1292665615
10.3061315134
9.50848214519
10.1993129011
10.3011736504
10.6878947206
10.7669979602
10.5065526811
9.77422635204
9.39872227326
10.6338404324
10.2569153123
10.2926080614
10.1867823504
10.6730834787
10.3576599979
10.0416710397
10.5739134956
10.6979531872
11.1444029981
10.796705819
11.6737477948
9.72070454293
9.91025278914
10.4811853384
10.2468529149
10.6073151135
9.7512804175
10.054290731
10.4552632945
10.8200699371
9.87927718389
10.0028720641
10.1030946136
9.93012442693
10.0338222369
10.8454327776
10.6165962003
10.3096784589
10.4286124963
10.9429581488
10.5369825241
10.7658945658
11.1340820985
10.4965804331
10.7970656413
11.4253332905
11.2563170723
10.9332593125
10.4749621358
11.0161969529
10.3804822892
10.7275132283
11.0741643084
10.6934453596
11.4480517272
11.7777762193
10.7315972049
11.1834331202
10.8393331237
10.6585814696
11.0310986074
11.0279015709
11.0861729497
10.8771005129
10.9070592142
11.3245235475
11.5592645778
10.8034413096
11.5222176846
10.8012739726
10.9261670562
10.8456422418
11.3036908778
10.3736133323
10.2924577037
11.474041698
10.7018187023
10.6651152343
12.1046308006
10.8978701033
10.3846096063
12.174179956
11.0803886633
11.5269200778
11.8047469484
10.4970352252
10.6971489252
12.3813143336
10.9592942733
11.0212870642
11.1234298466
11.0043349096
11.3427195409
11.0148548094
10.2602382967
11.1926587489
11.8484809711
10.7362390212
11.0735477611
11.2775824902
12.1594607376
11.3940482023
11.2604107178
11.1871176727
11.5388529482
11.332208628
10.6760186626
11.8344406132
10.7624922706
10.8621472796
11.3446270656
12.0704931923
11.200067986
11.7761680481
12.0795696548
11.3024994717
11.3913556817
11.3507725895
10.6499939899
11.5802719866
11.3210999199
10.939058246
11.1190749434
11.2093324184
11.1447577095
11.6361430061
10.7415221407
11.7388893732
11.3099833882
11.3970424888
11.7537710941
11.431180203
11.783057355
11.5431636918
11.5522983512
11.7471747334
11.5645261338
10.9023497114
12.2081553733
11.6648995072
10.7210030511
11.5673398353
11.5471707723
12.110083297
11.6402269968
11.2383005818
11.9742846602
10.8982925432
11.3418639407
12.3119728855
11.4766392521
11.4406132367
11.645401681
11.9874643164
11.6721301783
11.9620839232
12.6283341358
10.9343159962
11.3749294302
11.8289721183
11.3840421531
12.0094737282
12.4775151207
11.3329539669
11.5702992833
12.0674618139
11.5539199179
10.9006590788
11.6582036439
12.0607630131
12.1314760088
12.0989386687
11.2158263742
11.3549810821
11.0951135754
12.0159129319
11.7694182314
11.5370244987
11.6409955557
11.7836267771
11.3188485153
11.7873700545
11.9058111882
11.3753858695
11.6277693443
12.8609328622
11.5488844432
11.5486550668
12.7995068575
11.8000038759
11.5925954574
12.2740176637
11.8189913034
11.7178384866
11.9452338826
11.8635820011
12.5404779539
12.1126781923
11.4364500514
11.5955514678
12.5935785376
11.3662696052
12.4392625582
11.9196291224
11.7851508197
11.7225699785
12.4679661435
10.8503240975
11.6184953422
11.9040150734
12.000898318
12.0006368471
12.3872573492
12.0764332882
11.7779207157
12.3393604539
12.2542124237
11.3815964134
11.6469834441
12.0316998379
12.1519452206
11.9223304387
12.3129027528
11.7303918283
12.1955457895
12.3767796397
11.0768690006
10.9476324174
12.1944106458
11.9728756989
12.1677582102
11.5531433159
12.2322893456
12.1691111005
12.7101474533
12.2162378833
12.2066356822
11.559513914
11.3869882765
11.3246505681
13.0538072423
12.5626726638
12.4851892645
11.5491680441
11.5401654817
11.7031248148
12.4409478032
12.034245537
11.3269485409
12.1351003882
12.4635569496
12.2870639265
12.3934628181
12.102896125
13.0804573218
12.0346956693
11.8585501924
11.7343521731
11.5565252162
12.1261153553
12.3073884817
12.1856005967
13.3239385343
11.3706256453
12.8960291983
11.9132427803
11.9686567625
12.0771697387
12.5175587576
11.7832985978
12.5218229084
12.5063342612
11.9225268586
11.7152003055
12.1688211777
12.6408914511
12.0891750104
11.4731324533
13.1282360366
13.0810562112
12.3273296596
11.9621754853
12.4554277388
11.5664109021
12.1426185511
12.4539284282
12.2150382026
11.873516494
12.6146114753
12.1357812614
12.0194179096
11.9072852423
12.2043719272
11.9719903539
12.2892945892
12.8848926383
12.9308575106
11.9316738499
12.5750029017
12.1175190815
12.3004847474
12.0722148814
13.0223971424
12.1893265381
12.6341651687
12.4971252672
12.0738454763
12.041538096
12.367992548
12.0407344171
12.1092165054
12.0475900751
12.0862701105
12.3986298018
13.14104272
11.8108817217
12.0870387531
12.2769746904
11.8374338164
12.2073089897
12.8834689627
13.7734756884
13.0494350162
12.0552834083
12.2666756424
12.8845368075
12.9280430369
11.7317366263
12.2737420396
12.9580814157
11.9748868462
12.0394911399
12.2851813091
12.5414738098
12.3508090212
12.8136100765
12.1296877761
12.3988134495
14.1847472883
11.9325295804
11.9193269668
12.3298028458
12.9402622617
12.2602841578
12.6242756924
12.7094675938
12.7039412101
12.4051711883
12.1929360633
12.7870242178
12.5819430924
12.8131386247
12.6851505228
12.8660850357
11.9494996797
13.1158945954
12.0223305185
12.2850796652
12.8228496557
13.1405783833
12.9815607297
12.0069206067
12.1713279291
13.0319897962
12.5051735005
12.5954162688
12.9937783691
12.1817122933
13.3365986544
12.780515357
12.5040019975
12.8887357604
13.3221989598
12.7514449221
12.6140066248
12.2243524302
12.7750349805
12.6794347708
13.5447270496
12.5206411369
13.0374367865
12.7477347783
13.034544889
13.6006496494
12.5711693299
12.8417505696
13.9619492466
12.0558453192
13.6952486453
13.8063272346
13.4620644048
13.2817307817
12.7688920281
12.9214638914
13.0353755634
13.5458930734
13.7194799544
13.2123157838
13.2535683026
13.1197257833
13.1971805307
12.9246143881
12.7186932939
12.7542882638
13.7479413781
12.603916436
12.1402035357
13.1741606295
13.6088401347
12.570249
13.2220110041
13.2241962705
13.9461225531
12.2692841834
13.8486489885
12.8293264695
14.4469959123
12.6258011408
13.5613925532
13.1638456728
12.012367899
12.3987976726
13.3664610473
13.5488522703
13.2591893384
13.2000322273
12.817374158
12.536451398
13.30739249
13.258132127
13.3507003502
13.3211556854
13.3278388896
13.3572953414
14.0434067236
13.4895066755
13.0638284279
12.1100235245
13.3809906579
13.3859671308
13.2090722618
12.3878758093
13.2469723315
14.2006395847
13.3448757315
14.0106238418
13.3096839432
14.2146474987
13.1537198628
13.4065992801
13.5951886679
13.4328427467
14.1474981205
13.4647574683
13.4243673641
14.2280908972
13.7716969146
13.2749528127
13.4610149355
13.8488295297
13.3279290828
12.4207665343
13.7701452251
13.5754919477
13.5762068187
13.095689273
13.7909043192
12.5838850697
13.1654814827
12.8358114775
13.6705390528
13.983840423
13.7602347252
13.2934119253
13.7192857437
13.1992119819
13.4175955867
12.2527121896
13.1264861357
14.0751003184
12.841903641
14.6038699792
13.7954942739
12.9123773311
13.689709288
13.6859804801
13.0205746647
12.7794425949
12.4205028457
13.5704078797
14.2607128359
12.8502364036
13.3100354555
13.2199691151
13.6173607644
12.6382324039
13.6374923468
12.9004869813
13.6949628422
13.0746583155
13.003442875
13.0944906753
14.1465911419
13.3991500714
13.1971999657
13.3217602564
12.4041884585
12.6547534697
13.2924382827
12.9423616605
14.2132256922
13.2979317337
13.8153174204
13.1010904813
12.9954473269
13.1665693166
13.5174231178
12.6782002301
12.5929634249
13.5782746179
13.4879750559
13.811494875
14.1068186038
13.5222231244
13.9376300668
13.2363969232
13.7300971711
12.6005822874
12.7502610605
13.0780634212
13.5332827429
13.1156353894
13.5363558658
12.3691365081
13.7604547018
13.5075180645
13.7398772886
12.4162348219
12.8716690367
13.734564181
14.2142632586
13.5447963362
12.7869628396
13.2751991827
13.3944141704
13.4086520143
14.0701099097
13.0194061617
12.3994377556
12.6917517494
13.0135732176
13.5797419028
13.6015280038
13.9451040096
12.8474689291
13.3493959437
12.7098064392
12.8039473441
13.5710430344
12.8584772477
13.6351058601
13.4226329687
13.2278157679
13.7693331008
13.2580922177
13.8647664737
14.1124761661
11.8622401915
13.204046308
13.1677749235
13.5186570902
14.0666026551
13.6623734323
13.8801300002
13.9641865259
13.1845412742
13.3567817173
13.3495297145
12.6616899294
13.3897243403
12.6736701439
12.4046531837
12.9898056118
13.0533641447
13.1736816608
13.1816918634
12.4735094743
12.7353789601
13.2075665383
14.5504417337
12.8768419926
12.7400188275
13.5217579328
13.1300461978
13.8419917791
13.5523694261
13.263925405
12.9013548687
12.7552033727
13.3036411625
14.0143166057
13.4068923527
13.5731952096
13.3146503045
13.1270493464
13.6651486502
12.5427852691
13.3110999383
13.5568776693
11.9831651608
14.142234713
14.1560390425
13.7152612154
13.652743915
13.5302169902
13.0978126454
12.7667974313
12.8403815468
13.0780084181
14.7865184321
13.4031302917
12.9512259126
14.45246204
14.0848916386
13.7884564374
12.4388835735
12.6941881059
12.9378531293
13.9954981303
12.9995373511
12.928290795
13.8399151394
13.3859985135
13.5766575856
13.1535798136
13.4399014595
14.2149335688
12.4401976084
13.1188865649
12.9863018684
13.9948253009
13.4238035898
12.9956414198
13.7838280221
13.3145140384
13.7255939764
13.8138670409
12.4846374253
13.5523264015
13.1032271644
13.4394594818
13.4870751644
14.1267159247
14.8837593733
13.0690567909
13.2623776604
13.0731524365
12.0711655213
12.5906687312
14.0838490393
13.3603997897
13.7231745564
14.4959516155
13.862409867
13.2608991618
14.3761901204
14.5515032657
12.4412039907
13.0076116796
12.5494143956
13.6762214795
12.8874531034
13.0830764067
12.925657656
13.0749845183
12.8809293237
13.0758583285
12.5564315409
12.3365971218
13.4673967831
14.1139894038
13.4033288655
13.5048774874
13.4584002367
13.3331833814
13.0453330278
13.6677644558
12.9183018842
14.4323464651
13.215758813
13.9103895709
12.8405562878
14.2327615132
13.9339434401
13.9905393307
13.7344405214
13.7999219339
12.9814890034
12.9876621962
13.7672009724
12.995556209
14.9049191117
13.2986920951
13.8513030319
13.223483358
14.2016862031
14.4606039115
13.1477993371
13.3537513464
13.8178906897
13.3754611623
14.0187030858
13.7847048027
13.5854202747
14.8681824853
13.7458270124
13.5350250369
13.0197283449
14.0826619468
13.4906636609
12.5706031064
14.5613402721
13.7743188863
13.7295124641
13.143928354
13.1793999817
13.4770625933
12.1190116108
12.8832920597
12.7866044254
12.6229175612
12.8804557776
13.0978630432
13.5863693796
12.6626557717
13.9663383415
14.3669196864
12.9741991845
13.7393351206
13.7368796115
14.6213635501
14.5652666659
14.4951997131
12.9885766484
13.7667670579
13.333107975
14.389709981
13.1706961246
13.2986113189
12.8165567713
14.356401369
14.1508183044
13.9236049434
12.4844472041
13.8210915228
13.4554467469
14.4420539483
12.9833332566
13.209933713
13.5663127818
12.7669517342
14.8875976669
14.2404554036
13.0778676702
14.2504493446
12.962686181
14.071187097
13.1214867972
12.9452380877
13.5986578428
13.6940804599
13.4547640778
13.8206094203
13.3982294627
13.8638218361
13.5263813264
14.7300087844
14.1016698029
13.8134796503
14.1129220381
15.2042710267
14.2931461896
13.9383609031
14.5467584785
13.8316390249
13.7184257293
14.6294335785
14.4859476438
13.2842440479
14.366610142
14.5034845396
13.312570619
13.5453814223
14.0195806453
14.4451411192
14.2840256252
14.3328130692
13.9361767507
13.7530781431
15.062812855
14.4332267309
14.2047405023
14.2038007504
13.3188134539
12.9241921321
14.0627133173
13.570690877
12.7970262078
13.0627026762
13.347149658
14.2836916119
13.7576777275
13.481173538
13.6512861885
14.0638939407
13.3857049359
13.4961180168
13.4040845678
12.973983318
13.7674820472
13.5171636459
13.1163369594
14.0892051474
13.9851714501
13.1316002759
13.9714391181
13.6224620034
13.221767988
13.7331863436
13.4734192241
13.5518332311
14.0836224172
13.5980925127
13.3975740184
15.3588364285
13.5304872908
13.2604600209
12.9384936262
13.6076532897
14.2229240807
13.9526190488
13.9539288706
14.1286788601
14.4512727319
13.9620145237
13.2936825891
14.7784133137
13.4344875308
13.5588444239
13.1348802652
13.5779056278
14.1417977989
13.8962541657
12.9134422624
13.8866251679
13.3281172278
12.5908729625
13.7315004113
13.5874362958
13.3098648419
13.2523285898
13.2042843716
13.4273773628
13.8787789981
13.0866709632
14.4343905233
13.718025771
13.7397130902
13.8274172596
13.5123064057
14.6008162131
13.4399067113
13.9333442594
14.0869811131
13.6057232763
14.6944293992
14.116171292
13.3630915569
14.3349109428
13.2986116048
13.2474037577
13.6226039233
13.3967301816
14.0887916992
12.9734064832
13.3275234665
14.5628246366
12.6355699573
12.3017686967
13.163269049
13.8473220479
14.4155011444
13.2728540635
13.4709632142
13.4415153227
13.2165133141
13.0897457893
13.8880762189
13.4921262218
13.6517916349
13.1021919904
12.9668950126
13.7943319701
13.183860225
12.9287148056
12.6241258501
13.1161159486
12.8964755425
13.2688057618
13.1685690802
13.1675738789
14.649464497
14.5513763741
14.2613271246
13.6735288861
13.9245211694
14.3301159897
13.9391657785
13.6668637537
12.9670433259
14.3489938322
13.6154056919
13.255764589
13.0719419467
14.7349837288
14.3288279303
14.1265385734
13.3782310565
14.1133284882
13.8651291889
14.1170757443
14.2187682989
13.6649181705
13.3721437576
13.2335190949
13.3893716524
13.99240943
12.7648324934
13.2326707706
13.8973451405
13.3439054786
14.6813534077
13.3792512012
14.2517247959
13.8037713376
12.0822079693
14.0007142984
13.1222171628
13.0948782172
13.1122094976
13.0437456536
14.0745613804
13.6542399932
13.9714447873
13.5676597096
13.5829633018
13.4854395614
13.7756161961
13.0870103316
14.0075445042
13.4610771254
14.025949261
13.8468895015
12.9397953832
13.8660122938
13.452508851
13.0688486046
13.0016394534
12.4974677424
14.1509768331
14.0154723939
13.689593075
13.8112615531
13.7784417092
13.1096533663
14.21656311
14.3638223585
13.6161173734
13.4279594301
13.6747762339
13.1820058901
13.410273743
13.3780864798
13.3060645025
13.4395400119
14.0263182176
14.2591465625
13.9961903364
13.3962732693
13.3519157398
14.2618692765
14.2726513636
13.6647815462
13.9311173608
14.4522363765
13.4329980564
13.5217270172
14.2703013712
13.4125788778
14.1499132175
13.0650462235
14.3561175982
12.5210381444
13.7460039307
14.0185065051
12.8519592435
15.2139613944
13.2679067289
13.0635373815
13.3414517624
13.7376579488
12.6233561866
14.2310724691
13.8601550456
14.0743468242
13.3232496669
12.9150057795
12.0940578436
13.5218160084
12.9396006641
13.6588586542
13.4735976513
13.4008867261
13.6534566853
14.1961093508
13.8418853623
13.9786325332
12.4122404526
13.3825992892
13.4347362942
14.1306884437
14.1590195496
13.9832587834
13.9077326002
13.9905507129
13.8011513075
13.3324494699
13.2423284996
13.4054359237
14.2337268962
13.3673729002
13.6327359092
14.4091760029
13.1513830819
13.0526291125
13.5685291415
13.122814996
12.4761878183
13.5850896035
13.7013049527
12.4403550604
13.1314168758
13.0294827954
14.1784258626
13.623091509
13.7450733378
14.1929136044
12.4620465354
13.6398890058
14.1326820179
12.8676707751
14.0965491741
13.2311027945
13.8859350729
13.4334524868
13.6362823483
13.5685610158
13.0622389706
13.7562047791
13.3064639004
13.9363164589
14.0607249351
13.212975692
13.630120843
14.9520726095
13.1455714092
13.3817496598
12.8490940751
13.6738347169
12.8333048772
14.0558893442
13.3825676779
13.7088870126
13.6753603547
14.0569861581
13.9756543636
12.8635020076
13.0807395127
13.8700926993
13.8882347808
14.3014801409
13.5871242554
13.6613296089
14.8070856344
13.4793014308
14.0686769034
14.359211805
13.0924375557
13.5976180457
13.6559531353
13.1969550242
13.1214605073
12.7025608771
14.8253266165
13.1809726342
13.2366480032
13.6984802037
14.0405440513
13.9371750059
13.7781446134
13.310146789
13.3861770171
14.0232743526
14.2386382951
13.1415784813
13.5368867422
14.7736420804
12.7301361073
13.6108589363
13.6112663031
14.0516835731
13.8439246629
12.9659269701
13.1855527258
13.4758836027
13.8687256222
13.788799531
13.015997224
14.1925408653
13.0113320608
13.4745048949
13.0236860915
13.846625026
14.4397182428
12.8028227519
14.8335918914
13.9019402372
13.8000867612
14.3945458615
14.3450318328
13.8729913259
13.3272286813
13.7776786132
14.4360996789
13.6695667377
13.3631079439
13.1215590513
13.8338321404
13.1739329041
13.6987987852
14.032247566
12.9990203815
13.8585881134
13.3739763304
13.9661647899
13.6577729368
13.9769421189
13.1257130508
14.2108143121
13.4348804164
14.0367355312
14.3993538591
13.6225338443
14.1793781868
13.7861054626
13.9092091702
13.1937019894
13.3576551842
13.3701138096
13.2904448092
14.7336348103
13.5754190449
13.7298443685
13.3956209005
14.4382053963
13.1113633035
13.9582481263
13.4997902678
12.9329728312
13.1121786155
12.6240970036
13.3324150221
13.7123812307
13.96217824
13.5106115773
13.1408298431
13.5094673138
12.2662338926
13.452941108
13.3122899021
13.0350235946
13.4129535227
15.4184252994
13.1591830491
13.9450804749
13.9178726987
12.465987642
13.2033156384
12.9624158049
13.5512028045
12.8536289124
13.981846099
13.740630032
12.908412527
14.7064921775
14.0318887156
13.7775966039
12.5413825843
12.7948212726
14.2647486234
12.6689896498
13.3230925916
13.4422249577
14.9376842081
13.5016844356
13.3762748482
13.5515271414
13.5703170161
13.3767221648
14.7150515945
12.5427298489
13.4233791547
13.7566111133
13.3820820955
13.3801236939
12.8583155321
14.0589774885
13.2117398489
12.6313517747
13.7703401008
13.5023286855
13.4385321627
14.1221605626
12.9552620254
14.2050668913
13.8741126834
13.0943399752
12.3588042021
13.468891811
13.8557399008
13.9356650521
13.0979925851
13.8446895763
14.6997631188
13.7836544652
12.3846843736
13.7955421628
13.4428883714
13.3283022048
13.0439349079
12.5231101435
13.6842650441
13.6477889807
13.1270138319
13.5002242045
13.1948211548
13.9679563352
12.2595865474
13.9969049345
13.3162053531
13.2298539782
13.9393657635
12.6161558082
13.9517413341
13.5702882067
13.9195267408
13.3970080435
13.6065231735
13.2270940553
12.512311631
13.216196815
12.8595335985
12.4148956379
13.9976844741
12.9761075549
13.681964722
13.4381086937
12.4350538526
12.9217750357
13.7272767893
12.5695442491
13.0634897007
13.6651831747
13.1481283153
14.6027719699
13.3829163099
13.7034837553
12.2478578456
13.1105387647
13.4815058662
13.240016616
13.9606714292
13.5056423392
13.3350637184
12.8624721606
13.0554258323
13.8434663579
13.3549918387
14.5874969841
12.6780958045
12.4949588698
13.0659404387
14.3718032972
14.0728644493
14.1302333841
13.6100384058
12.8098293794
12.4024191259
13.9849074512
13.6691449239
14.007147037
13.7765111991
13.3450578572
13.7416748335
13.1371378878
13.8392695245
13.1923601582
12.0475402297
13.3870107524
14.0855886384
13.3309566073
13.0178425024
13.7049904914
13.945132214
14.4462655629
12.7250281398
14.252417041
13.1579881141
13.887400762
13.0041364396
13.7454598545
14.3607590847
13.1745095003
13.4327424157
13.5489184934
12.9628063424
13.8839198953
14.2413281071
13.5001778775
13.9241990916
13.3176785804
13.611867918
13.1460053254
14.0579383576
13.4849461148
14.6318271953
13.0475716709
13.1656786422
12.9870070548
14.3887436087
13.3395788558
13.4621059929
13.9661998122
13.754379558
13.5342757941
13.5507551628
13.6587999692
12.0966582602
15.355560403
12.5890504809
12.6493410689
14.1296051906
14.3342482578
14.1009473079
13.6141283071
13.5068774338
13.7185793467
12.8556090251
13.8863189489
13.4105448709
13.528137792
14.737615922
13.5093109401
13.6154437062
14.7617733437
13.8578274325
14.4525532317
13.251877112
13.8301556467
13.3288989207
12.7559020456
13.5308612549
14.0564403422
13.9800771698
14.4369785624
14.6665857265
13.8983508968
14.2660783957
14.0483195392
13.4159742205
13.4251000688
13.8204644467
13.8564611914
13.759953124
13.791956118
13.0249620148
13.6462079295
13.2626362871
14.4083685968
13.9936576623
13.4469458929
14.6776698041
14.4733649935
13.9322868542
13.8066596247
13.0234333433
14.3396341389
13.4442726267
13.2613614388
13.5537564685
14.2667078449
13.3245676701
13.5992322581
13.2510306534
14.0441814317
13.7970946112
14.9015800472
13.4929523259
14.2045637877
13.4703493837
14.4766282961
14.204106656
13.277716123
13.6775131298
13.7470953769
13.5421431194
13.3913910943
13.5980295094
13.7931199429
13.0684947667
14.2224352965
13.3046532089
13.495232967
13.8824386621
14.7926943125
14.2576379594
13.7616953477
13.3355932771
13.913501994
13.3014473078
14.1205934514
13.4750215497
13.8978791199
14.4266165936
13.3363955384
14.6120772613
13.9223977986
12.5582319959
14.5316707484
14.2859605851
13.4774950289
13.7703828136
14.5978173835
14.8496737686
13.4825391087
13.5285478316
14.2845959464
12.6164003844
14.223829312
12.9684599111
13.5365945956
13.347313251
13.599216285
13.5310479022
14.1460968968
14.1352958678
13.866397306
12.9646009079
13.4235190396
13.9654466455
13.3548828084
13.0721935524
14.0875445015
13.2754853878
13.8112984997
14.1771794773
13.9492705473
13.0215877596
13.2018719918
13.3392727765
13.1182115029
13.8219591863
13.3607690041
13.6698549739
15.0819472451
13.7701376281
14.1258360879
13.5414671968
13.1470210247
13.45050064
13.8668589664
12.9786865574
13.5081925021
13.560413489
13.4616254902
13.0472274754
14.3418175297
12.0009258649
12.8258581444
14.2127556369
13.8116444761
13.1635775988
13.9963273193
14.6114585932
12.7011846012
14.1375509562
13.2384355164
13.1849413809
13.5552609648
12.9299599144
13.2981205016
13.5633393415
14.0042779993
13.5123102875
13.1242593683
14.0991185212
15.5123542773
13.3516793951
13.9545558486
13.9992880063
13.9187852306
13.5491323215
13.5973623239
14.059742865
13.6789428908
14.3633636829
13.2836746043
12.5756214186
12.7612923871
13.9698984421
13.04046141
13.5348872082
13.7671090908
13.4589228821
13.0849526868
13.5719546089
13.6016915457
12.6235819579
12.6891114898
13.7365729281
14.1493308156
13.7486876239
13.0516855527
14.1594067099
13.2323334141
13.6086993759
12.946896815
12.7556723709
14.8020075238
13.7097231641
13.6233552983
13.2317464332
12.8962921319
12.2148898739
13.5743696324
13.9389408937
13.2772127594
12.2096310151
13.6779598082
13.6499552027
13.7679025817
13.6010698747
14.0242834073
12.9991788781
14.1012900363
13.5928185987
12.425366976
11.8288182067
14.3686032733
13.5698980167
12.8800783948
12.9053995922
13.8040134649
14.0124981811
13.9910818059
14.8224794102
13.3820737373
13.0711985608
12.8752944097
12.6139591724
13.6822560938
13.4729668336
13.7153335303
13.9903629668
14.719435477
13.2914233415
12.7936529928
12.6373330859
13.0058691191
12.8970370083
13.7427902521
14.1714598421
13.0837683111
13.0100794242
12.777928681
14.7989646614
14.0474326372
13.3069686694
12.7662123459
12.9337692581
12.9130134228
13.3231861589
13.4160697232
13.4585609432
12.732310209
12.8602723351
13.8090249981
13.119293354
13.1832001833
13.0174931556
12.920070989
14.3679736617
13.8543413466
13.2044348017
12.1394830212
13.9459022153
13.3431416755
13.1206563197
13.3217938009
13.2036368203
13.7835368254
13.6534779332
12.7336018209
13.2277694614
13.8672909797
13.6383474166
13.3193096786
12.4227566878
13.2204801043
14.0278262277
12.7338176258
13.4455816788
13.4971757706
12.2192060273
13.8434436749
14.4220474079
12.7769659934
12.7351573163
12.715013626
13.2664128149
12.9693996271
13.7443878554
12.4608442678
12.7023972936
13.0734889921
13.9062626755
13.19266233
13.5473020532
13.1381018875
12.6955504532
12.4206303435
13.2945212512
12.9509432606
13.7354445838
13.505237365
12.8256816067
12.9888000641
12.9401091698
13.4933363441
12.6170656379
12.776555272
14.0282272638
11.897668574
12.4800958613
12.2430579885
13.1947825981
14.0736119287
12.4957068853
13.5096301318
13.4449955674
14.0429117113
13.647790963
13.0184038381
12.9359922853
13.3958296584
13.6089690034
13.6712257306
12.8044947266
13.1107337717
12.5302101567
12.0196627956
13.4089759902
12.741480014
12.4546968045
12.0623824917
12.6386193394
13.166186806
12.6674950531
12.9715052026
13.739887872
12.9606067533
12.5491025292
12.6623501914
12.5854699872
14.4634059137
13.1403229551
13.4872040758
13.0109665108
12.513026891
12.6657932509
12.2974604666
13.1340845461
12.8378401099
13.0202216901
14.3161566021
14.1508642783
12.1291081374
13.5170447786
13.5505470734
13.0571046607
14.506991137
12.7411446871
13.1072636048
13.3192778655
13.8131372901
13.602183517
12.3510429263
12.8747398108
12.3328159897
13.0679646531
12.8060813999
12.5955122392
13.362222686
12.8771913551
14.3186227638
14.3433143939
13.6638544862
13.1752730437
13.7923904933
12.9189438561
13.1331920869
13.9493637142
14.3240844326
13.8063230635
13.3961926448
13.265776429
13.6983600956
12.8866990965
14.0409892726
12.8414356757
13.8645239071
12.8485818183
13.6199564511
13.7966381762
14.2615730786
12.930359759
12.9606978
12.8985978513
13.3770171378
13.1295137975
13.1760392249
13.2900932607
13.6784262471
12.9830527218
12.8834305796
14.2633561118
14.4631439459
12.3464709586
13.3464606822
13.1315906106
13.4823801498
14.319186132
12.8370142586
13.6287234148
14.134808809
13.168986838
13.4512837887
12.5248844159
13.6638275737
13.7945495125
12.6035184045
13.6362247666
12.6869285552
13.4705336669
13.0749049925
12.791664536
12.4169869866
13.5957988868
13.0276250443
12.6710033234
13.263610402
13.0088454147
13.2457331142
12.8843504932
12.7868578362
14.1145224155
13.0769392231
12.8208863845
13.0497392486
13.7759120254
12.3946841499
14.222994589
14.1077472228
13.6937004867
13.0542283802
12.3744602517
13.95274528
12.2344380967
12.2670498761
13.407359941
12.7145870447
13.2623438211
13.9815831668
13.6048592155
13.5300791295
13.6359584259
12.7795649811
13.1116389133
12.7713116136
13.2153348265
12.3109546012
12.5859110626
13.2129432228
12.9509236994
13.7817893309
12.9686662675
13.3260415854
13.1236519009
12.6385607142
12.2255055271
12.6595446128
13.1964027133
13.6858154948
13.6052144864
13.248401116
12.7910274127
13.162893079
13.0620403786
12.6416257986
13.458527588
13.2568333941
14.5408487497
12.949414653
14.5795899203
12.8317984581
13.3106659643
12.4111898308
12.5520852191
14.006091707
14.0501291155
13.5039657244
13.0745176945
13.2620397713
13.509154416
13.8312856228
13.4077189914
13.5135884169
13.0424066601
13.0805612823
13.5328640872
13.1926771791
13.7527926712
12.9204428753
14.0948564714
13.6568672654
13.5062255137
13.989283011
12.338096541
12.76857213
11.8833802186
13.6554883944
12.5661699494
13.7586860606
13.1806169956
12.3528027529
13.2015265787
13.6389815533
13.5089454641
13.8050843129
13.5961608754
14.4768960314
13.7717036506
13.5106946896
13.8190760033
12.9124320496
13.5916875273
14.1373836586
13.2511266643
12.4820537118
12.0781112307
13.2871434286
13.4269450787
12.9695278214
12.715515685
13.4289658121
14.3463257179
13.5771326797
12.4279788675
12.4743286757
13.1870482241
14.0838531568
13.5249570812
13.2286164916
13.1226239309
13.2922357988
13.1271321505
13.4365185755
13.628403129
13.5631916548
13.7633438994
13.2324388336
13.8339758767
13.8275584915
13.9797629219
13.3954420702
12.7892351997
14.2414581201
12.2512147036
13.256996451
13.5583305385
12.8350125995
13.4103669353
14.1503919368
13.1484308935
14.0257245194
13.1915177587
13.6539913206
12.5385053615
13.0461019811
12.7272410847
13.4889847245
13.1665885642
14.1305368035
13.2673288773
13.6057075517
13.4328897083
12.6436998413
13.5412845725
13.6340051642
12.907895749
13.7768491394
13.6440315398
13.9931023765
13.0568775098
12.8369791065
13.7939922126
12.9123583648
12.4961102004
12.6818310035
12.1827971208
13.510664912
12.8529428591
12.6691754053
13.0211654037
13.0778991335
14.0512156506
13.8839786253
11.8145470739
13.4156178477
12.7524375075
13.024796253
12.5774658581
12.8960576541
12.4075606878
12.6383463345
13.4618146847
12.2544949197
11.9173666282
13.6016072245
13.5742775372
13.214538716
12.8448871586
12.8368897574
13.0485021734
13.188680999
13.1645892189
13.1447968555
12.8224826097
13.4136958367
13.3364440611
13.7660477287
12.2150995669
13.4391475672
12.9886052405
13.5708981576
12.8276591334
12.9729885824
12.5491058609
12.5045944638
12.5738274197
13.122823189
13.658579957
13.5439519538
12.4858472299
13.4457891035
12.6114776787
14.2213545711
12.6924252479
13.0270392781
13.1151308706
13.0370198259
14.1787572809
13.1857625033
12.9217991642
12.1935402117
13.3181566281
13.3439163219
13.4658607996
13.7148340969
12.7322735224
12.4642790394
13.1058961574
13.0896816711
12.4562555408
13.8055553045
13.645323956
12.6978032262
12.0409120218
12.9533006344
12.0386346351
11.9934392793
11.8596984085
13.7507591077
12.8744507564
13.3287105287
13.8403328472
12.2875406319
11.9373379538
12.4902582268
13.0119572473
13.5692152929
12.6935345889
12.9574710814
13.3414475467
13.5704191161
13.1003863051
12.9609315293
12.1789979239
13.2340215974
13.8944112891
12.9789918598
13.9079583666
12.8127787234
12.242496513
13.6080564784
12.3110546113
13.3746693628
12.8776641719
12.4926850823
13.6983857467
13.7090435203
13.4912143902
13.3634739501
13.3834911734
14.2262422632
14.3221463874
12.6556835263
12.1185759335
13.1953277749
13.5737308617
12.2993779054
13.278740661
13.5723334414
13.4711896474
13.676805461
12.8108762896
13.5579757278
12.445974215
12.6201146411
12.3639301225
13.0680095623
12.2107003047
13.0322141082
12.2661212315
13.1752961218
13.2394215332
13.2555949563
12.2212688137
12.3711666457
12.501651729
12.8029544843
12.8620486804
13.8143567256
12.2060050927
13.7101960072
13.8708073736
12.520855927
12.9579759507
13.1393111754
12.540792104
12.7632572081
13.4811240259
12.7371948438
12.8300510962
12.8543804036
13.4050938861
12.4047454599
13.2820094135
13.5650956146
12.3044622941
12.8927518535
12.9957653002
13.968588404
12.961733295
12.9405723653
13.8327055579
14.0549848413
13.4672058081
12.4075163084
13.5641683612
13.4999827754
12.4100761138
13.3770717884
13.1410086411
12.6412587699
12.8929073131
12.6995875405
13.4813381274
13.0503137802
13.8028848574
13.9919087172
12.3870954832
13.1748765079
13.8065477771
13.5599743194
13.5095472819
13.7780000125
12.5517768107
12.812684487
12.4006703571
12.788822675
12.372556238
13.3819793991
12.7130056415
13.3000033707
13.6606640107
14.178792417
12.4144792142
13.7897234515
12.9204012678
13.1977525153
13.4538510455
13.4974487551
12.8417303752
12.8076359049
12.5755644432
13.4490684983
12.902823264
13.8843991089
13.5549792753
12.9797243785
13.0514534507
13.2170399422
13.165486195
12.5426624942
12.773278226
14.7415366262
12.8469943271
13.2576809744
13.9488155762
13.1540843614
13.4155338925
12.8714525431
13.2835776777
13.5087059556
13.5110878398
12.582516485
12.2226698315
13.3102263576
12.7123643934
12.9939855945
13.3067551304
13.1564037811
13.2180647427
13.1468233816
12.6054635115
12.4216702158
12.4892463543
12.8466896244
11.7708819678
11.9751084639
13.4434538068
12.7835430737
12.705371662
11.5768521194
13.504778594
12.7691679423
12.6430503933
13.0717876429
12.5924095677
12.0813928487
13.3814071884
14.2284980344
12.8800322461
13.3196699628
13.953379271
13.1897137468
12.4065144866
12.0977982227
13.5797388239
12.4491899173
13.1298615934
13.633576513
14.098214616
13.2047620723
12.8344243439
14.1317615833
12.7037645665
12.9251466059
13.5067423345
12.4846197516
13.1207103782
12.5023462484
12.3139123827
13.1814458544
12.612223331
13.2558304388
13.6640940932
12.4512643214
14.0553416528
12.8176344847
12.9384160784
13.2377547418
12.3719827558
12.7963829368
13.0805873322
13.3372944796
12.6580873531
12.2955500342
12.8469454921
13.1750410647
12.4320176838
13.2050668108
13.6991958475
13.0295802073
13.5186660441
12.9814139061
12.5819282436
12.2083020452
12.8653976926
13.3270067701
13.2011624824
13.5523163622
13.3633698932
13.5671818673
13.2901923195
13.1311753357
12.9649814712
12.1832603239
13.5062707716
13.1728625219
13.0627779179
12.7795426011
13.518099938
12.9791052678
13.5738322414
13.0745203015
12.8879255299
13.1311532243
13.4581921595
13.9910640985
12.8106260668
13.5163733194
12.8877407241
14.4084719269
13.5039095083
13.0015851157
13.5193537263
13.5320908214
13.1312206584
13.5058841582
13.0377513324
12.8251330982
13.2963559602
12.9030940858
13.6587798173
13.6405321463
11.9089372594
14.0526231226
14.1818835342
13.5240402629
12.94205616
13.3697818056
12.890137512
12.9142948938
14.2380553734
13.6485501661
12.6525383725
12.4862048467
14.3735811124
12.1120470866
13.5778909115
13.0224814832
12.6038611908
13.7951981674
13.0331433814
14.0087392077
13.7168913363
12.0279732313
13.182217742
13.7155329204
13.877459401
12.8343220364
12.8392982895
13.1455782942
14.237087787
12.5276108518
13.0599509422
12.7704828488
13.1388708401
13.044963857
12.977898011
13.2775147727
13.0402116767
12.4185603424
13.9762163191
13.4128291665
12.1576107403
13.6372175469
12.6927032771
12.8136276667
13.7004716612
13.0568740743
13.1217380795
13.8586309588
12.7496643058
12.2385182027
12.1244466423
12.7522661157
12.2818427922
12.3263486542
12.4477274097
13.7315894677
13.3878828753
13.0356700419
12.7823209611
13.4622299188
11.9534380584
13.064444177
13.3115500735
13.2736091695
12.3555537254
13.0151300477
13.1891273286
13.1218769903
13.9901678426
13.1460218008
12.4113711419
12.3759116949
12.4999623602
12.2039943738
12.5545650849
12.865123666
12.4397284534
13.1039866449
12.6554054996
12.732845848
12.9964591545
12.6365364838
12.3816284061
13.7048668121
13.2315433953
12.8802836848
12.9802641611
12.607901475
13.0472203578
12.4757565235
13.2166895026
12.5197719056
11.747233418
13.2421901586
12.9799437384
13.5061540601
12.5484208739
13.529813344
12.3076603929
12.9982478597
12.2715410549
12.2852612225
12.7170789347
12.9423253661
12.7291751075
12.5913987597
12.204916777
12.7832585204
13.1935810187
13.6135856886
11.5670037093
12.5522054172
13.3308339447
12.0729421989
13.1288739191
13.8024942938
12.0402054816
12.9308763654
13.0568861115
13.1623315694
12.5744634926
12.7269395313
12.2971875027
12.9426831447
13.0430867078
13.0271654814
13.0959169492
13.2594157267
12.8366859964
13.6276183659
12.7875177648
12.8717944888
12.7523080824
13.0752536871
12.5871033246
13.3454600741
12.6631724988
12.8247448932
12.7050428203
12.6771651126
12.7919222326
12.6297583685
12.4436023294
13.5222535353
13.8590656151
12.1561598348
12.346746078
12.8975895348
12.8190977963
13.019420962
13.0848184151
12.8583977475
13.1589231617
12.5954766307
13.5518279263
13.0061087084
13.0258929457
12.9598157161
13.2324313266
12.6584542484
12.9689088627
12.7172889689
12.3119393502
12.3949678558
13.2415103425
11.8855671618
13.1894743969
12.8930269798
13.0457830675
12.5975824977
12.7802398419
13.2398569953
12.5059840957
11.9705846405
13.0659986858
12.9206306154
12.6230317765
12.9015133798
12.1263230209
12.6009155374
12.5250166122
12.9049455597
12.4311113697
13.4150881314
12.3088064795
13.9416399633
12.7085662972
12.5067724403
12.3893588471
13.0299355436
12.5016988355
12.1650576575
12.789184108
12.3821895522
12.6062563093
13.0264924561
12.603883123
13.3763810835
12.3837445803
12.7007775045
13.0271013357
12.3616752181
12.0200201945
13.1283266176
12.5851565149
12.9524775466
13.2193801147
12.7781027789
13.1862161128
11.7979520712
11.8427512505
12.2725659711
13.6748646151
13.3105999097
12.6017313209
12.4612462959
12.7951263424
13.0229126981
13.1488464015
12.5203438544
12.5007057542
11.9279471225
13.0346781335
12.6029258575
13.1172217338
12.5807642593
12.5758104487
13.2203755094
14.1879361619
12.2924436702
12.6939727497
12.4307287
13.6014879443
13.3341781733
13.0193171455
12.5812951432
12.5563390206
14.6881316369
13.2324779363
12.9885759203
12.5873104206
11.6433355055
13.3866197582
13.2057303568
12.5472640219
12.5043560397
12.7875045528
12.6322016604
13.2773457633
14.1635687478
12.3550345039
11.9950906314
13.9566808162
13.9666045697
13.1983578472
13.5408662703
12.7346342245
12.4763233831
12.9982327552
13.2425217647
12.4143455037
14.5646732649
14.3455842237
12.3916290918
13.4982945253
13.1455940663
12.9382176004
13.2308662289
14.0239349733
12.9826347684
12.490397416
12.7808237227
12.7887420929
13.5895233855
13.7097129973
12.7927993547
12.6268101872
12.8265274336
12.9838189273
12.8806070097
11.9215854638
13.2639275259
13.1822068996
13.4657320085
12.3122873197
13.5164867327
13.5200887227
12.9216711705
13.0723200987
13.4373472449
12.3595259617
13.0865832388
12.030845643
13.5070457391
12.8125484342
12.5142703093
12.7159728805
12.1876588784
12.0757415284
13.0848694786
12.7390711929
12.5126624522
13.5037756219
12.9123191257
13.0361933671
13.1036841023
13.4220067242
13.0586200109
11.9520113986
12.9812808309
13.1992398437
12.5699360154
13.5353525352
12.9260296749
13.2799242693
13.2580561789
13.2452854934
12.9097295887
12.7034146304
12.6695958809
12.2458469447
12.5469726478
13.261419108
13.5104816828
13.2825304509
13.1811248748
12.9605550078
13.9736521978
13.5227401913
13.8275441022
13.4041332066
13.2697617576
13.1970401447
13.1085401164
13.8861466173
14.8012683282
12.2046086608
13.3215988008
12.849379679
12.7478751572
12.7124915363
12.181773351
13.3443483649
13.1262633812
13.2892177714
12.6325638829
13.5363897853
13.0196039057
13.2183331388
13.5483819698
12.8214699056
13.6943082885
13.1733994499
13.5260765099
13.2504922068
13.1526696258
12.6750666497
12.783116299
12.8030229575
13.9742837388
14.1962999941
14.0617623723
12.2992655928
13.6047147156
12.5140474228
12.5478702924
13.9586351348
13.3280484688
13.7241734098
13.3386088698
12.6822348521
12.8629157878
13.4149983498
13.4215926276
13.4385752517
13.287071664
13.3645317466
13.3720450336
12.9684279454
13.7540151727
13.6842154471
12.6703676859
13.0821949341
13.3017855425
13.0634206071
13.0777968209
14.1137843531
13.9155621765
14.1367469448
13.8661206298
13.4829873032
12.7895552099
13.3920720076
13.2183498658
13.0251000514
12.1134267601
13.5018147086
13.2375447999
14.1573193729
12.1663264142
12.5526040524
13.7123209367
14.0253793945
13.0821367943
13.9191435436
12.7780673231
13.8580289796
13.7213740909
13.9802460405
13.5778353699
12.3124778024
12.0850283746
13.8607599588
13.1838751179
12.7232204134
12.054953027
13.751192395
14.2299730774
12.3498517051
12.8278637758
13.9517455679
14.2130383177
12.4253067258
12.9505959584
13.1547562737
12.8009866199
12.7232298394
13.5800540251
13.3512345529
13.1339426367
13.4561427145
13.5537978197
12.996432533
13.8781376645
13.3868340186
13.2764756207
13.289646005
13.1466156376
13.4947467432
12.7040001539
11.8893866561
13.0239805945
12.5670043703
13.0325421484
13.1723995979
13.25815832
13.4751659411
13.2554988959
12.9669886423
12.8280270078
11.9735484033
12.4283077534
12.8995528517
13.124207366
13.7011617799
13.1939699593
12.7407041509
12.3292411805
13.0518082668
13.467850422
12.7727461887
12.9529850892
12.3044711003
12.8745805211
12.8117211006
13.6184162641
12.8658954291
13.3307579895
13.4988538367
12.7518029555
12.6797117628
12.1778573107
12.5723925706
13.3250241031
13.6589817573
13.493490791
13.3519104464
12.0018752872
12.5389897304
13.4999501116
12.5577678322
13.480532249
13.3476121635
13.0103367409
12.5073981698
13.5705831888
12.793211921
13.3053190758
14.1269203847
13.1691607817
12.760606276
13.5447420567
13.2060722987
12.7276690015
13.1824480239
12.5709747421
12.5851442952
13.0378378775
12.661105031
13.5901652353
12.1814714497
12.7180298002
13.1540527258
13.6606590058
12.8773085819
12.4619577524
12.9910606017
13.6525768393
14.1002759389
13.6309741285
12.8086184051
13.1833808502
12.6382385287
13.6050899346
13.1485434074
13.3554028801
13.6514774382
13.8576326826
13.2523424668
13.2418486346
12.4846907392
13.4293734726
13.3817903715
13.1041550056
12.9725372735
13.3420597951
12.5424411157
12.9196643527
14.343450047
12.4790437766
12.5266798357
14.2064875329
13.198066388
12.709261354
13.6243084949
12.9412800621
13.5648588277
13.3876737852
12.8609068794
13.3123939552
12.1871487915
12.2268010916
12.9926755759
13.8954782894
12.747336098
12.7838488323
12.7097715354
12.624328626
14.4208873664
14.1066179692
12.7248594723
13.4319891405
12.9624329536
13.5521638412
12.3075137107
12.9156213348
13.0927316254
14.4319997488
13.8856749804
13.1218637326
12.5627514126
14.0559854844
12.1214797674
13.10928293
13.3163195336
12.831778819
12.5545289751
13.0673267506
13.542495525
13.503556392
11.8785204466
13.3285875728
12.5664149157
12.7373903827
13.3272846091
13.2234052308
13.4445786321
12.900411434
13.3869524525
13.3173847673
12.1147476916
12.6118558592
13.0080431685
12.9258059729
12.7134667727
12.649734006
11.9087250856
13.1734633954
13.359730993
12.3986076018
11.860195088
13.0785101503
12.813281269
12.1757615606
13.1277766941
13.2542297308
12.3638259408
13.433451098
13.1837301868
13.2426137885
12.7112250383
12.7962621328
12.9282767045
12.6850224225
13.3636513769
13.1892644875
13.889504017
12.7640610887
13.0339229931
13.9283380162
12.1712336414
12.9427156262
12.7392437033
13.1709566939
13.1446058209
13.4659694778
12.6468811616
12.9784325598
12.9435073456
13.3451999902
12.8500553209
12.3043631439
12.702404354
12.8308978073
13.4613964027
13.5797892287
13.0767765679
13.6585962905
13.7968234172
13.3162054309
12.8599254905
12.1558505152
12.2959367775
13.4832863655
13.2131640709
12.5762532598
13.8856125036
12.7555760871
12.5410150434
12.5065421915
11.2064803096
13.4450350624
13.5409833828
12.8196016301
12.3040843949
13.3705577603
12.4609592466
13.3329371045
13.1555425146
13.3390926868
12.6855860479
12.2781596916
12.7132533607
13.0112053721
12.9040564094
13.2209707568
12.5820848829
12.8314271066
12.9299933701
13.303502279
12.2791223078
12.7202124611
12.8158586138
13.0911092715
13.0194323076
13.3302455905
13.561676918
12.5915754161
13.09188945
12.5514221404
12.4209786503
12.334464446
13.1820973933
12.5485315377
13.1244377397
13.6517595998
12.253771498
13.4296872915
13.4230988321
12.9073425835
12.3698592594
12.6212327957
13.2693453648
12.3537931107
12.9355391834
12.5814346187
13.4775161474
12.1691164365
13.7737073403
13.3060435294
11.5849919687
11.9212570144
13.9071504626
13.1627476953
12.5404795425
13.3006010978
12.0404735487
12.493415042
12.8752306565
12.9159093654
12.1591768095
13.1449145201
12.6565012936
13.1199512727
13.2958040794
12.9614773432
12.8840972779
13.0625660158
12.4651449736
12.4318230925
11.882424631
12.3026208
12.4754968892
12.7572403653
12.4517546243
12.4572926047
13.5887766621
12.4980541749
14.0157959821
13.1946252015
12.8064010964
12.2694590943
13.1598654336
11.9495517726
12.7016536455
13.0970529073
12.8704612023
13.0585418118
12.2550099266
13.7570857865
13.0814255064
12.6179435335
13.030973789
13.3005139591
12.9186467665
13.6045529043
12.9719160932
12.8372270442
12.4937379776
13.0929205377
13.3337458945
12.5824301987
13.5201230347
13.4614946344
14.1359205403
12.6878933553
13.601436377
12.8334895657
13.5649190856
13.2585819125
14.268718628
12.5349883164
12.6735119656
12.8111054692
12.768371264
12.9346283703
12.6629862348
13.6549837984
13.5422669582
12.7975217758
12.3137274085
11.9323048506
13.1609282801
12.5332541662
12.6882925506
13.528400116
13.1384804486
12.4539968536
14.0581078096
12.9871414817
12.3263707456
14.2188254931
12.0742973959
12.891641476
12.7741636728
11.9349598584
12.7290993358
13.4589896198
13.5893813635
14.3724298057
12.0705468879
13.0452785538
12.5293532504
13.3320430682
12.5592878907
12.2036825145
13.0475550026
12.6506391577
12.8510223958
12.3040443781
11.9825725212
12.5969248135
13.5055334972
12.4410372959
12.8062505696
13.8707475746
12.6719221166
13.5480971037
13.1958316979
11.9037497695
12.416145467
12.4365307903
12.6741239102
12.7701991069
12.956598496
13.2578692221
12.7791668248
13.4611982158
12.8307126083
12.5695731057
12.7758828911
13.7128875775
12.2209179468
13.0717310222
14.3872121243
13.3674374135
13.7470907561
13.7606474815
13.2768351373
13.3300492095
12.1690057465
13.1066548418
12.6609303125
12.7665529909
12.7335556573
13.0805664892
12.6976455828
13.1579236274
12.7829104913
13.0749032039
13.3095801841
13.1131096249
13.2327900768
12.809589322
13.3334928677
12.7279454787
12.9054928597
13.2907769834
12.7004174973
13.1181963219
12.7135514971
13.5844502255
12.6004132205
13.5406028428
12.8617020389
13.3425301806
13.0282695562
12.3829374792
12.7356245054
13.4057384149
12.4995285665
13.3753541853
12.8911527413
12.7620379885
12.6474585922
12.6898109816
12.9649331931
13.4379718202
12.2212131067
13.6469194423
12.019332577
13.4668953342
13.2917404304
13.365850013
12.4020413425
13.7448668373
12.8034221759
12.7787405958
12.7960013765
13.4418728941
12.3903755731
12.8064403533
12.3156788239
12.058737162
12.9331350864
12.7416344161
12.0410147718
13.3776603749
12.9116385182
12.0780524374
12.1989562506
13.2002849504
12.5686171455
12.8563732844
12.9568069272
12.4980555139
12.7326061667
13.784247489
12.9526391894
13.2751641119
12.434980962
12.5815701357
12.6781837893
12.2254223015
12.4676645
12.7771382464
12.09475243
12.5131541536
12.6247329931
12.8781796504
12.3807209421
13.0111192931
12.2860852011
12.486278558
12.4978071589
12.8269709773
11.8404135674
12.3335712866
12.7544089613
12.5253788235
12.3444827191
12.1354139205
12.9002191296
11.9060904976
12.627391463
12.7558795587
13.0944356828
12.8408011426
13.4871994168
12.3954264517
12.0610720068
12.1871917343
11.5367616017
13.653411291
13.2831141322
12.7752999767
11.9031301461
13.9047268038
12.6181495649
12.2397636877
13.041934334
12.7068378279
12.5246264951
13.6144947701
12.9659150914
12.4919480416
13.3025961866
12.1959091218
12.8848745826
11.9984233223
11.8587629324
12.5607774929
12.6270456386
13.3898730121
12.627989
12.3285612386
12.368726783
12.5333228365
12.3782298052
12.8009946076
12.1636631109
13.6101167993
12.3354008315
13.5798361966
12.5245815413
13.3146387528
13.3428870244
13.0014855643
12.7203234228
12.55247523
11.7363956783
13.1537939695
12.4859753823
12.6849211435
13.068038844
12.5414052634
12.6671974922
13.3293351621
13.3466697717
13.0039925697
11.5577564194
12.6983062381
12.8038474029
12.2758355096
13.0332978898
12.2369963034
12.1586011166
12.8413366061
12.0898931832
13.0224473077
12.1215389741
12.4272552214
12.3691455939
12.4417047224
12.9913049853
12.2835479797
12.6195956743
12.8252222125
12.6968022736
12.8574527237
12.1465863082
13.0678577737
12.10892529
12.9434175934
12.8067301506
11.9213394012
13.6867952603
12.2183064128
13.7078887815
12.7093818395
11.8477901463
11.8978553515
12.3461323283
13.3145874256
12.0329881279
13.4293106647
12.575325183
13.2559668539
12.6123847605
12.2904384006
12.1383848831
12.3790566661
12.517316085
12.3369651509
11.9753475608
12.436718802
13.8126735198
12.0872130158
13.2744685444
12.1375522466
12.0484618119
12.8608342018
12.6149207337
12.2492914762
12.6693277936
13.1782427198
12.8449915137
13.0571876852
12.5682124678
13.788526024
12.4581905944
12.256111473
12.1157988921
11.5364320689
13.1292797326
12.8511419186
12.6350404966
11.8141235239
12.3708747789
11.7205552859
12.0058927833
11.7584068452
12.9064710932
12.441759657
13.0116998614
13.0526775959
12.1627965052
11.3028204913
13.5389339006
11.7980179549
11.3836072404
12.2330032216
12.3623240221
13.1973334698
12.2259649087
12.7888101873
12.7617778036
12.2420944988
13.7285591407
12.0936339068
11.5460123105
12.56310557
12.3511495747
12.1302583655
12.592601051
11.8020072204
13.2311661699
13.0097153306
11.848549971
14.7819673224
12.3519829496
11.9077225975
12.5461619524
13.2306587333
12.3539376437
13.3491086224
12.4180072431
13.0634023678
12.0470338151
12.9262880298
12.2841893345
13.0477156165
12.5468829236
12.2832646562
11.8583232069
13.4030780188
12.8350126649
12.3829870894
11.9687317481
12.9702439925
11.6086698643
12.1382772859
12.6307863616
12.615392099
12.419389506
12.3759773747
12.2774729944
13.2113250004
12.4037991953
12.7009543876
12.6865566278
13.8564990509
12.340956436
12.7128613144
11.6693872364
12.4771249414
12.2385983896
12.6224701942
12.6317324406
12.6368424654
11.8056413884
12.291709843
13.2188542857
12.7949956414
11.4199592842
12.7256954228
12.2495655165
12.4784758422
11.7404791665
12.7225020609
12.6694767449
12.5602290962
12.7303746676
12.4569947196
11.8800700434
12.1509503355
13.3416177247
12.5363021971
12.3068504223
11.7287440798
12.0355557994
12.0311377843
12.6541830064
12.668794782
12.1601508139
12.6555552678
12.3101911656
12.8343363544
13.0514078678
12.912918756
12.5534791009
11.979902839
12.8574483236
12.700930254
12.5668748389
12.433901142
12.2783241506
12.3366799235
12.9549900389
12.5020685464
11.9155408851
12.6903381047
13.2739188042
12.4103543919
11.9015326895
13.5177834985
12.3293864903
12.4553479382
13.5438724745
11.6730326234
13.1671274702
11.7436900638
13.147968719
13.6439034241
13.6004022854
12.6579026492
12.6568523367
13.285249888
11.8353730346
12.8825359655
13.5799173288
12.5171944016
11.6006244587
12.2885630929
12.1333189418
12.5690245103
13.0957786953
12.7715156087
12.6104786175
12.3558908668
12.0661448303
12.9223466642
11.8585427276
12.6956880606
12.0945319097
12.2174535315
12.5529501585
12.687512991
13.2302095698
12.2526281753
12.3663407408
12.5613573397
12.6401892917
12.1558557007
13.5788673816
13.1209801604
12.5562194736
13.0005583636
12.9459046772
12.569069834
10.7947667183
13.0485234067
12.7535515949
12.2539002768
12.7714421642
12.3923095639
12.7733002989
12.5042982822
12.2440005696
13.4670309907
12.3197234011
12.4588148546
12.5595200891
12.8358650782
12.4729459314
13.0056301785
12.3446702057
12.3259957333
12.3175389689
12.0969168949
12.9789141024
11.9844164885
13.3599212759
13.2000320744
12.81569242
12.520692788
13.6140844482
12.5951257118
13.3581401319
12.6643676592
11.6723643446
12.5625322884
12.8426232188
13.3141168494
13.3142370811
11.8252597933
12.6235957114
12.0221189336
12.7307215872
12.276889792
12.7252968681
12.4526395311
12.2965329945
12.4851233495
12.4125417249
13.065884424
13.0243702626
13.2034759402
12.3414101986
12.4896085954
11.8418399278
11.9568951045
11.9463644385
12.2115760965
12.1709232471
12.0046087681
13.0251926297
12.9450398729
12.982989567
12.0542929142
12.0425425724
12.4252270902
13.0024109411
12.4617890511
13.0858770533
11.9698015144
12.8381049564
12.1557827489
12.5925401025
12.1616678905
12.9483058968
12.7277172526
12.9142617769
12.2206459034
12.398081391
12.0982184382
11.8056677797
12.703712462
12.4422517726
13.0078305014
12.2555943466
11.9700143051
11.9964950951
13.2438079961
12.7322133065
12.8356939861
11.8545418844
11.8921473764
12.7265532032
11.8908606485
11.6521704897
13.2089911346
12.8582437051
12.6220383385
12.3362966064
12.506355554
12.7025114793
12.2498134286
12.8506914403
12.3729880544
12.1406662126
11.4610806164
11.8329899051
12.1925554982
13.0210047263
11.2853585966
12.8926437871
12.4650568717
12.8492646378
12.3530242261
11.5722712726
11.6252461281
12.3012473121
12.5456175069
11.7192735035
12.1392812362
12.5133550293
12.3833925983
11.7791504874
12.2973450675
12.6519544174
12.3257064183
12.6347808267
12.8447824647
11.735769034
13.101799446
12.5345121016
11.84666333
13.2769598792
12.8153404709
12.2444809996
12.2393047649
12.4197962045
11.9992422427
12.9673010729
12.8084961433
12.6200856038
13.1003254814
13.0078906646
12.7099405248
12.0357657335
13.180931825
12.9126531295
13.0876118119
12.5238356941
12.8620681467
12.8399436746
12.0067010389
13.1276405038
13.2405906689
12.2251540752
13.0610482597
12.2754315948
13.5042817902
12.0426280532
13.5702757199
12.4532726898
12.6537740625
12.8212972863
12.6876714376
11.2621111915
11.8166249444
12.4471490585
12.3794691675
12.2541926496
12.100678375
12.5530442993
12.8422431962
12.1340107122
12.043229361
11.6561701047
12.1382516084
13.6062876609
12.6068761337
13.20047719
12.2852140549
12.5775129077
12.2124527926
13.4790889622
12.8348600978
11.129035041
11.5993609419
12.1944312781
12.7231422518
12.9943226531
12.2617339337
13.1197750295
12.6358700213
12.5678111107
12.3033425047
12.0593398027
11.7739618009
12.4191501748
12.8875447587
12.3369416884
13.1061808128
12.8564743126
13.521232476
12.9826457996
12.65530115
12.7722404273
13.623504406
14.4533152153
13.4895238042
12.57968148
12.5755114583
12.2807994364
12.7367476371
13.8142445596
13.6067706705
11.7125823486
13.0868182936
12.3673073325
13.2948608242
11.8903844486
12.2087698207
12.9293750121
13.3106873441
12.4342133274
12.8698964817
11.8730553779
12.6923368099
13.9158182555
12.7010142436
13.4699624727
13.4168948178
13.1336500442
13.0253367
12.9869341284
13.4758893449
11.2845078389
12.8084556118
13.0995819017
13.1092986975
12.2838403026
11.9996904883
12.2045692225
12.7802908971
13.2299271168
13.0849356231
12.8579325628
13.7372777719
13.2089091719
12.9941528955
13.2908831407
12.6914650097
13.3967970232
12.2237834413
11.9430382131
13.1226402379
13.1671272711
12.9808813241
13.1262760767
13.3288968875
12.5603008001
13.1625676741
13.1105964558
11.8501148435
13.1238967376
12.0815624962
11.3313960733
12.4529024785
12.5368529444
12.6110893349
12.2444952827
12.5922933359
12.5403436563
12.9301585302
12.4166738551
12.4949553284
12.7606398304
12.6057432305
13.2276560633
12.3712745304
12.7825734526
13.158457375
14.3851073308
13.7067824227
12.5585379874
13.2443094103
11.7379935734
12.4969696925
13.363149913
12.3853104111
12.6338940973
13.3354055809
13.2495638136
12.3586831791
13.3576517042
13.8398881484
12.6204136562
13.1390229747
12.5272834315
12.6456412678
13.0102342064
12.777325493
13.3767709377
13.0165294977
12.4706357281
13.0219838904
12.004460847
12.598992323
11.9167198934
12.8173116329
12.7319103768
13.5538431415
11.7255627656
12.387824366
13.8958836442
12.982447975
12.1229424428
13.0739374323
12.4726885841
11.8991226141
12.0301095747
13.0594250076
13.007971421
13.7448944838
12.5792871415
12.7179492644
12.7966770627
12.7923200282
12.3257942634
12.4241620421
12.400171018
12.2684961106
12.6910716705
12.6452112244
12.4891834996
12.5209968376
12.2590502668
13.1066789492
12.5905548383
12.58498505
13.4622140603
13.3559843881
12.727925581
12.3112246506
12.9540622813
12.9630745487
12.2097540405
12.0635373349
12.2777869205
13.701151427
12.5093277861
13.3260533399
12.857052856
12.235460438
12.5641793273
13.4501093891
12.2726144306
12.9909281235
13.1616889238
12.6277576951
12.8342620341
12.6185371479
13.3402355137
14.2196008924
13.0361896954
12.8042281451
12.2596583451
13.0051969066
13.2163063551
13.026025686
11.9614136292
12.2276833291
13.2686632215
13.9631917154
13.2128725685
12.8745237477
12.0006572406
11.7594882848
11.9797099059
12.7890303794
12.9263988971
12.5381249882
12.9241282874
12.4624075356
12.3875771537
12.8911040021
12.6074788229
12.1524657698
13.31625298
12.9763159249
12.6283669668
13.2567095989
13.2722359631
12.1618186625
12.4951185311
12.5805881308
12.5767673517
12.7889668025
12.1988163538
12.1782342257
13.0711785884
12.235850958
12.3315598744
12.5096534354
12.8481505912
12.4867826118
11.7376230776
12.6245943065
12.7135885263
11.8922830328
12.6952325734
12.8061371762
13.1903846245
12.2357314307
13.3277444071
12.2492038125
13.1994401447
13.2322271135
12.1143968322
12.7736445051
12.1310853344
12.1439160498
13.0170591003
13.4301814925
11.9093876907
12.4581037771
12.5483200924
11.3549235798
12.6773549005
11.8753493893
12.3484426814
11.8004376976
12.4773368883
12.8168073439
12.1331512478
13.7522173278
11.6617781729
13.1070773126
12.2646524665
11.9516597261
12.2260220699
13.1570877134
11.8066401235
13.250593668
12.9352989928
13.8956083437
11.9345107654
12.4061849996
13.5216523343
11.5339149449
14.0732073132
12.2365727867
12.3895155194
12.2491535498
12.3014145374
12.5906278102
13.0217102254
12.8140462846
12.7284614035
12.6591403959
13.0187114688
12.9241329592
12.1329317772
12.7055003126
13.2743342014
12.7260337375
12.4400203587
12.2788596829
12.0580057873
14.1082808033
12.7912172202
13.1227667857
12.0972347012
12.5875117224
12.8068193768
14.5698141044
12.9888571391
12.4854441217
12.805847214
12.3902550858
12.9531769724
12.3077049829
12.1923159908
12.9174367443
11.7204163448
13.3357119232
12.8142578334
12.6344428583
13.0869038938
12.5308452557
14.0828420629
12.4363728276
13.9725994304
12.8243172495
11.5084792092
12.3083375649
12.4228352334
11.6377091661
12.6936546924
12.1431832017
13.4783601992
12.3845734444
12.131898509
12.8733568421
12.5785436577
12.8232209555
11.7981432944
13.2541729776
12.962052382
12.7771463557
11.9710510071
12.9824778396
12.4271077003
12.7680895325
12.7153867126
12.5870874715
11.3294484405
13.2366760841
12.1553894564
12.2225212057
13.3686480291
12.5106043278
13.0836157332
12.1093662648
12.7879840071
13.3754221178
12.7429404972
12.7687721776
12.8182385954
12.604012775
12.5105972295
12.8802850373
12.7443034214
12.0707267034
13.2885937215
13.0650093071
12.1254506601
11.2316091247
12.9299505081
12.9239552372
12.2066918771
12.773659264
12.7437881376
12.2826561814
13.2005272664
12.3538287852
11.9785186539
12.7018684717
12.2040457101
12.7823162604
13.0471360875
14.0726933454
12.673555189
12.867744154
12.263280349
12.9409946296
12.8816040255
12.2502958547
12.3268433058
12.2875378776
13.3549394063
12.6412412588
12.1208232317
13.0194568853
13.0475611145
12.097558567
12.3397579289
12.0617900569
12.2189983472
12.2621294919
12.0985975725
13.4024898489
11.7435849647
12.3610319617
12.1687382866
12.4196882303
12.4530715609
12.0213726754
12.1160010258
12.559572555
13.8124225392
13.3376850389
12.6239196007
13.0287406801
12.2805918979
11.7375382962
11.5389107967
12.8933400178
12.2966507034
12.284613566
12.9329477976
12.8880503126
12.1907699353
14.4859066969
12.203161562
13.5744624398
11.8774447109
12.5773179668
12.4846095932
12.2335294249
12.4934383126
13.7962096227
11.5879715377
12.7571886118
12.959903156
12.6425674576
11.9859069046
12.3358258315
12.0113018265
12.5953235832
13.3243526309
13.0287370461
13.2655188307
13.5515072807
12.6185215169
12.325304678
12.9297775741
13.8188370614
13.1596501486
13.1068654943
12.5584647332
12.3780673582
12.1539401055
13.0908243656
13.0554555295
12.102792304
12.298790309
12.2069262155
13.325361357
13.116248651
12.6660105895
11.9350783013
12.3880835183
13.4763750594
13.4954589214
12.9346970334
11.9888453255
12.8478599971
13.0746696682
11.943294516
12.1153392823
12.1430297681
12.6956869459
11.9252166357
12.407843244
13.0363276648
12.2329450123
11.6716885379
13.1903329203
12.2011961628
12.7815145303
12.7072158807
13.4025845155
12.459972845
13.2974146898
12.5183782808
12.1696041171
12.4252501298
12.4158470813
11.9785660551
13.0854088092
12.3696116742
12.5147534063
12.3063526296
12.5626494429
13.1355633353
11.8140935956
12.1981556036
13.1003740115
13.3883896322
12.1970017023
12.681791765
12.4395814583
12.9980614219
12.1803942739
12.3020533927
11.2833726668
12.8102453847
12.2663963588
13.2559717984
12.4201655916
12.5491380035
12.0470546767
12.4932072703
13.2305467088
12.4303142889
12.2318348243
12.6581902745
12.7519441078
13.0596621785
12.7511284546
12.1789920655
12.2313423888
12.3301497303
12.4366036078
13.2972577187
11.625696144
12.9752041382
11.8133937404
12.4543132128
12.3659571506
12.452147635
12.6526233408
12.4328276897
13.4307705123
12.624839577
12.9623038067
11.4192173207
12.8450027314
12.3552481961
12.6384104067
12.8729281256
13.2695660692
12.0270534104
12.420357632
12.3327255052
11.235063631
12.7789049909
13.5501132858
12.9199318588
12.9123200023
13.4084061489
12.785572436
12.8456038759
12.4878283924
12.4045930367
12.3776883648
11.9740567068
12.8405530708
13.0868522345
13.0185220484
12.6388358524
12.4792204111
12.2986461394
12.1329427715
12.9390460626
12.3228944939
13.4355184784
11.9618407368
12.5191368238
12.9778094581
11.5332270963
12.4096072809
12.4315993026
12.7271305541
12.6141972039
12.152943418
12.0952366492
12.2485202866
12.4098795701
12.2278324262
14.3065757081
12.0039734021
12.1057159132
12.9296760825
13.1111583405
12.4132549973
12.2564428109
12.1576763278
12.3703778598
12.1176150292
11.7480063352
12.3350864943
12.7331089972
12.2056744558
12.7879574612
11.8822903074
12.7570814511
12.5571410464
12.7418010489
12.3251337638
12.9174090027
12.4147128168
12.3817267252
12.4881866665
12.6401433865
11.3597201087
12.2351187471
13.0593448525
13.4695051686
12.6523646965
12.7638509491
11.9390802227
12.5605052304
12.8534754783
12.6044679841
12.8023976825
12.8738665244
12.2160082958
11.5640363265
12.5369256175
11.8522644953
12.2785301242
12.2873655366
14.1057048756
12.9083575242
12.4230785107
12.7328776286
12.8733640993
12.5530633629
12.0255193465
13.0769717249
12.525573498
12.6301378625
12.8281394674
13.6227628708
12.483939373
12.034725281
12.0726808916
12.4678510274
12.5741464141
12.1948472506
12.8767081224
11.9173832467
11.6976724342
12.4980966258
12.0480290419
12.3355108763
13.4446852961
12.3959875306
12.5900640686
12.834578607
12.119902064
12.8951586729
13.0521759279
13.1155680834
11.5051990983
11.5896409697
12.323478694
12.7095782451
12.6791130502
13.2170586523
12.2350647547
12.6428805457
11.9665856059
12.8448188158
11.4444127282
12.2046269149
12.0587989943
12.8453773515
12.9817630432
11.8990830842
12.323081921
13.1966318016
12.489499513
12.4868997599
12.1669457707
12.6232330797
13.1052591689
12.1043676036
12.7795502597
12.793038595
13.5892053893
12.4249166406
13.421214543
12.5714684905
11.4995400494
12.196060181
12.965179681
12.2021805789
12.860936766
13.1025837928
12.4666503909
12.70567455
12.3338930758
13.1538080617
11.8936054354
12.4390476564
13.0027544209
13.5285619485
13.3935315911
11.8770499199
12.551497511
12.5784380958
12.7928157327
12.4888904396
12.3669208207
13.2359632873
13.1263363959
12.5320042459
12.7363692774
12.6095072666
12.6692783169
12.4600924547
13.2132543774
12.4219148931
12.202777585
12.1506279174
12.5154415228
11.9717514647
12.0207893659
12.4986963257
12.5694615991
12.1361048874
12.6755980315
12.2368454711
12.2386802968
11.8670741429
12.325277645
12.6912290671
12.2538811038
12.1542697887
12.6897941286
12.7748915859
12.3036832537
12.3048370672
12.5224399185
12.3854609953
13.0457127007
12.5007572317
12.6326600872
12.0747857084
13.0518275286
13.0849907947
12.7640518561
11.6465936078
11.7772188728
12.3306504421
13.0180151601
12.6235274559
11.3279579825
13.1535607252
12.4376483293
12.0726646445
11.9379621183
12.230834552
12.527287385
12.3876255001
12.923470744
11.3411589847
13.1655489255
12.1586343519
12.9579090047
13.3493193626
12.5668423644
11.877022003
12.2930514494
11.6867957141
12.4842069261
12.7720888326
11.9300559902
13.1830278676
12.9588875382
12.2620891183
12.2759922005
13.0777642626
11.3487703049
11.8603764412
12.5423859255
11.7428518946
12.7798024369
12.185269857
12.466153628
11.7914883437
12.5320051363
13.0818732694
12.5376604205
11.7133697239
11.8870183671
11.8068299473
12.1787052144
11.9410842137
11.5695839214
13.1215387383
12.4936930811
12.3627349139
11.6338736917
11.5963877422
11.8783920988
11.3646628217
12.5568421545
12.559725951
11.604848698
12.2612463313
12.1695148435
12.1258741982
11.8574084298
11.2284079252
11.8890317262
12.1160144839
12.3080772493
12.2986424456
12.1429899549
12.0126977948
11.8519711946
12.2545556926
11.4953099024
11.9787410083
13.3046114447
11.4998654701
11.7916362251
12.5212086428
12.2690737074
11.4246204783
12.0114886729
12.1627905064
11.8881327953
11.9728575054
12.1615415972
12.4814836628
11.8890102369
13.2541842327
11.985036132
12.275086462
11.7509390549
12.1359873411
11.9893800492
11.7173919982
12.8904789181
11.7317531132
11.7654265249
11.9491190411
11.6664979437
11.8209381616
12.8666756669
12.3474921755
