0.0214303588867
7.67288647619
7.13926306853
6.70050620149
7.20575934288
6.12366692308
6.65444856478
6.70132419478
6.9314031521
5.59753733881
5.28954801566
4.50694792847
4.52040032142
4.08060264544
5.23607411133
4.51802895359
6.60408981829
6.09355114171
5.92000804759
4.66448433205
5.45681159921
4.30819819788
4.9706233138
4.0077686644
3.80788470539
4.43930912596
6.83687070391
6.42045808014
6.17376408125
6.45388566341
5.70097737281
4.85855034775
4.61049852199
4.94418005498
5.7590022939
5.36650688205
8.16642403331
6.78494246782
6.77500742783
5.94098082095
6.54822700728
6.41703950115
6.03377197175
5.71138341985
5.27563874817
5.73097823888
9.60900039621
7.72778444605
7.10594956554
7.20845237515
6.87210253383
6.64082553546
6.8295417435
6.39928640307
6.83846743302
6.97393845098
8.84146698397
8.53270664933
7.68293064208
7.53208270416
6.8394529463
7.53274705045
7.17511870327
7.72011338124
7.30802196202
7.27197959799
9.35947520184
8.45939596551
8.98526259435
8.34042618752
7.4149662825
8.11443873651
7.92259708858
8.03658365809
8.32547050811
8.13897516488
10.9287593592
10.3194709527
9.47119806158
10.0101793143
9.06543451075
8.51585840758
8.25755986258
9.3889898456
8.51873858436
8.4023832748
11.3026371377
11.4471370437
11.4549507675
11.7497736471
11.597745529
9.72981152018
10.9991707412
10.1445089551
9.59136975889
9.7784732272
12.7070152133
11.2729928498
10.7924449315
10.3992834296
9.78578412268
9.57265467894
10.5132138496
10.5784761356
9.77860898281
9.90006040648
12.1180179949
11.4210889812
11.7878975612
10.867587317
11.0905854395
11.4837646681
10.7899466335
10.4575135286
10.5446324906
10.5224353462
14.1401929498
12.2994161214
12.5833388439
11.5049934938
12.7217178328
11.9711305925
11.7058975768
11.116004163
10.4357350727
11.0797005078
12.0968829302
11.9379676297
13.1723411829
12.3230519111
11.6739764677
11.9709290451
11.4205589732
11.984078528
12.1103947024
11.2591788291
14.5365968384
13.0508068018
13.3336533263
12.5484936346
10.7794660545
11.7499671337
12.5398876628
12.110911361
11.8753341385
11.6288869654
13.5711283257
14.2278616988
12.4669688973
11.9688471522
12.9959887181
12.6864119242
12.9031180709
11.8746003288
11.9178185121
13.1139525146
14.9314446547
14.3711658161
14.0589330923
12.624683046
13.3448937017
13.3475280105
12.5876404174
11.9547536564
12.2719873986
12.888781498
15.1653981521
13.8465859585
14.3184749694
15.086105467
13.4060245821
13.319425441
14.4534036299
12.9554021895
12.9680348295
11.7641037945
13.78442888
13.8659282699
14.413616708
13.6303326748
12.7092175645
13.8899630061
12.5609980715
12.3184191526
13.0351903876
11.2673678641
14.940335217
13.1785869439
14.935684083
12.5630643575
14.0046497949
13.4829155549
12.7245372761
12.4784878708
12.8594145372
13.3799749591
12.698951258
14.089579377
14.1867496142
14.6403988126
12.6729604436
12.1783458459
13.1861396567
12.968153999
13.3398360434
14.0936103949
13.0090476324
13.5178233947
13.1938642451
14.1137528008
13.0549538354
12.1089417273
11.313521183
14.1796902071
12.7968125997
12.2607401463
13.526178884
13.5732837607
13.9209935288
13.8574717934
13.0829060275
12.7832631315
12.5878967504
13.5610283155
12.9938514323
14.0931191035
12.6764028492
15.7536870358
15.433241392
15.8709742466
12.4959807623
12.9386554612
15.0009881233
16.3860937229
14.2443131719
14.8123812681
21.7482281894
18.153879384
18.7632867051
21.9607945832
20.0142069239
14.1983011942
16.0263153813
14.8447434661
23.1031171598
17.4456167591
21.3316769041
15.4035301062
29.2540429765
25.0423948638
29.0894653099
16.7094586923
26.7988203216
19.3260116078
35.8975322182
20.7679785672
89.3151078085
17.5346918129
72.3094797093
17.1413898519
18.1201305861
60.1616695158
86.6006716093
36.6776276879
67.4116675071
50.793403387
304.321859569
78.5130883829
189.508166422
21.5393411438
48.9329581221
272.444510748
44.4279074751
541.916179373
22.6203325699
35.9443544281
398.742143782
451.117917754
198.631010983
437.486311644
567.440503664
295.961113458
215.583434903
200.971375629
216.831946878
372.466451417
610.846671577
1164.60912327
1042.70887673
700.180620578
1064.91376509
1623.04695038
64.6166332187
650.348356653
600.329556389
874.007837809
1170.31851166
4374.64927518
2689.6503632
3087.09770188
3718.73137775
255.314833051
1609.30493345
1655.49348759
2227.30950635
2758.77226779
6076.1289613
2548.34562642
9592.77004881
2861.34285344
7212.55268078
859.861562578
5837.50167425
956.096930094
1274.94101604
1738.13483018
12010.6267674
6027.11525455
4903.70577001
5079.36583103
4043.04129269
3588.84842173
5947.7668727
770.729081609
7810.2712624
4454.23353416
9566.04338292
5164.94008085
11453.0143713
16374.357181
5095.31267759
20721.5709759
16332.7248965
5840.0104456
16823.6043771
11660.6036626
25536.7657306
16616.895876
20289.7495078
25679.0829463
24910.2788166
31355.9308331
35055.9448861
19836.7894005
23642.5972067
21319.3769005
100676.667312
48841.1211092
55408.4887436
46221.7454234
68833.5548095
76300.730429
78412.962436
113398.528082
36885.2304133
76912.5225662
110385.586877
106981.121346
88630.0143731
73191.6050778
104416.15133
40047.8106854
57313.295178
72991.5550596
86480.8912238
117768.503995
130564.036791
97622.3881266
76898.6050903
112383.556478
114675.253003
98360.8413886
114939.080095
142027.509895
98901.4756804
118290.427374
289035.552065
158283.465406
102976.457798
167849.227532
195176.033803
153705.602881
231064.543724
279857.290562
199396.875634
181988.836956
348624.585301
443627.291167
245300.714168
271112.850374
217372.601528
194238.578374
176832.931239
260869.081456
344554.16243
184734.206577
450882.954847
279561.081213
266587.729305
380138.826046
445750.218468
392420.093149
508405.052344
293787.776015
486505.682659
216698.907882
1121705.37803
984223.343418
981161.594242
1044798.70539
1154847.87441
749815.848964
1558834.59633
936260.979988
877231.803301
990612.75833
1135706.07727
1699584.75852
759249.623372
1223910.77997
1031805.76081
816842.526204
1203337.10251
1053189.2035
951536.66522
769799.720893
815496.925347
992690.389403
1164418.89874
1437107.75478
988970.841242
447555.903712
779909.294292
1076451.75861
1053421.22415
809442.123984
710182.874904
934668.523482
955829.874627
1050517.77069
664498.808992
836634.567107
965754.66645
1035276.59586
941149.31466
928430.610772
1586357.99265
1684323.06483
1275819.09364
1908277.14181
1217426.86344
1397772.48728
1246763.7218
2009167.89953
1349659.94529
1675435.43462
5122711.52431
4705337.14135
5310267.88241
4201275.34552
5214479.53938
3685229.93974
3353135.24599
3832353.90925
4251895.3575
4396653.05911
3427524.16921
3646598.69776
3302788.72019
3265343.41231
2720525.48585
3912232.17569
2316333.67296
3450275.36162
2287425.57523
2749779.88055
5643601.03933
4588089.15203
2912388.26994
5525417.78076
4301584.09489
4626492.01497
4406689.37318
5578377.39287
3394983.38513
4193096.37226
4410310.85899
4854352.51775
5246188.56816
5916393.471
5331635.19171
3640559.71059
5243333.96655
6862469.70347
4391600.86585
5355155.29027
7006181.14036
7604865.23989
7486087.91161
6085302.44692
4254887.17888
5763886.08572
5066422.85538
6913199.73517
5316380.63901
5232567.03084
4814342.18968
3520833.04803
3207972.81236
2516192.13731
3835357.52535
4441915.58012
3351862.2319
3853092.28629
2903530.6745
3456540.01004
14774666.6392
10076909.6109
13251790.3403
10485598.7529
13065443.6377
11753062.9641
16021486.7395
9609778.49464
13223307.1239
10613750.617
11752111.2082
10931921.5641
11453020.5551
12010795.0661
10585706.7913
9385025.09958
12166887.459
9139628.29189
11669281.613
10160999.4491
20902619.5597
25141502.8912
29578361.4299
16962584.9862
19509218.4916
23040647.5185
21361786.5286
23602910.8014
15781367.3168
20489645.9948
18280298.6526
13836010.6608
13326704.0677
13849337.9716
17879256.9205
13400908.0546
16702613.061
14334634.2613
13915345.1339
12830008.779
33144121.2884
34570485.8942
33965575.6187
47884809.2842
27614326.9724
34652379.6278
37157521.2418
25264144.2475
37448173.7046
30925441.6792
49215685.1627
40912904.2941
37381211.4107
46060782.3073
46539997.9973
38265032.5815
35945461.7915
45668421.0141
34952726.9166
34996385.7681
67823729.1485
51073373.7593
48089315.7393
50639504.6008
55320724.1912
62569647.0356
61661104.9587
50101761.5104
52296407.1231
55793599.0371
63249287.3035
67038800.8765
54219815.6092
63146672.6173
41304258.1182
59032570.0306
43598783.3287
51302436.3727
48323453.0982
45007457.7122
61147680.0842
94554567.0091
84601558.5019
86689988.9145
74225086.265
97073842.391
80114723.9038
53414401.2432
92454765.7491
85419330.294
106179852.332
143623047.425
101011985.446
120469875.786
113934536.526
111978270.52
103804578.183
118830519.434
125732835.234
93681613.5282
179461083.759
145522166.152
190011638.3
159169736.441
146919931.413
123834564.805
142834551.527
122947579.521
155538529.306
152273433.301
149946269.932
172671132.544
163343275.762
167041596.763
178183075.798
128003835.357
166305250.136
143526961.951
146283173.667
131241660.823
289809431.668
288533152.979
227549748.005
268643816.915
270330930.475
220969601.172
236140271.955
231424373.029
295995517.301
236591931.341
273514093.306
294422711.848
203894961.777
260772204.32
268656522.934
204989502.695
237284843.347
204022140.59
245671482.756
250565596.111
269475817.938
298912380.5
249478728.433
254272835.588
248392893.289
235650667.871
273566584.444
229565660.603
261061461.21
306424063.037
287287070.242
334771628.145
288363529.128
238694059.344
320887375.871
310711453.818
278973335.309
338144383.326
340687468.678
248498018.555
377905297.946
332189513.51
432568086.79
431063027.606
409169877.617
395841386.908
395178232.36
415800838.659
354520364.386
350193060.597
544433995.254
467557154.958
563522659.511
519818171.844
446923809.405
464011229.755
433166109.62
462615462.994
424344188.657
446025580.209
441885959.199
474017958.752
461942783.351
469141897.749
441270339.135
456746829.095
453720359.697
464137782.182
475237504.075
539414262.56
386614101.884
420202408.08
350473941.671
397896660.032
317835634.641
362824917.817
385421596.247
395464486.055
286770360.733
337109644.501
761703048.801
660246485.779
736245391.157
730058145.661
744024956.307
732857332.146
745306105.52
788923401.68
742200451.648
702909169.178
926107437.088
732065520.695
829369136.699
759047643.081
753900798.446
896356281.796
905657632.284
735543805.991
837813704.303
796221763.089
1011707717.42
987285300.881
957141447.252
976226402.179
939923753.387
1229355940.31
1007461129.68
746344047.967
909231637.539
997532218.556
1132226811.92
946747553.122
1021562955.28
1138685155.5
1137941532.23
1035285603.43
797427528.128
927889921.357
950141716.434
943004763.141
1167180700.55
1274010499.68
1173386946.08
1351799691.99
1148555246.46
1299082494.83
1250150275.56
1143858962.49
1216460252.89
1339916141.66
1143094727.78
1161785254.0
994646586.777
971267032.384
920544079.801
908469594.383
986867725.301
961316163.087
995566954.536
894136767.5
1891756235.0
1701261620.78
1810815694.0
1642435412.55
1385133718.16
2121216513.59
1685897395.18
1759550772.05
1758877963.12
1740623487.13
1342913924.79
1286721534.96
1358542306.76
1406309945.97
1286074031.23
1313637490.51
1298585734.35
1245019074.95
1187340015.09
1293031734.7
1986126890.71
1940274366.74
1823086086.07
1437516010.35
1945978116.05
1750335183.61
1758555676.5
1648899528.13
1691777398.12
1794837978.87
1661442112.1
1516776070.52
1536000672.21
1379841731.97
1427023477.24
1477542965.61
1617222879.86
1582558065.79
1717318036.55
1549267024.11
2005115005.81
1945305342.91
2104872346.15
2293689186.77
2548083816.69
2565176341.11
2306603187.88
2161234441.87
2149988124.12
2336604584.28
2023509227.97
2653606646.77
2314112080.85
2183214120.02
2343692593.6
2052425900.92
