160.0
105.0
155.0
135.0
180.0
120.0
105.0
165.0
90.0
30.0
70.0
135.0
155.0
95.0
160.0
65.0
240.0
260.0
115.0
225.0
115.0
380.0
620.0
90.0
530.0
125.0
155.0
220.0
210.0
90.0
30.0
200.0
75.0
115.0
135.0
275.0
180.0
35.0
75.0
80.0
55.0
140.0
160.0
75.0
200.0
175.0
450.0
340.0
435.0
160.0
180.0
100.0
95.0
125.0
215.0
440.0
235.0
45.0
160.0
30.0
170.0
410.0
70.0
120.0
120.0
195.0
105.0
135.0
95.0
190.0
20.0
290.0
60.0
95.0
50.0
245.0
140.0
130.0
150.0
135.0
365.0
75.0
100.0
50.0
210.0
120.0
125.0
275.0
90.0
350.0
135.0
195.0
110.0
95.0
85.0
160.0
75.0
135.0
85.0
60.0
160.0
335.0
110.0
65.0
65.0
185.0
195.0
215.0
180.0
125.0
35.0
595.0
365.0
350.0
210.0
150.0
205.0
165.0
175.0
465.0
90.0
35.0
205.0
140.0
60.0
350.0
200.0
255.0
135.0
420.0
110.0
170.0
120.0
150.0
230.0
95.0
170.0
245.0
100.0
405.0
195.0
185.0
95.0
80.0
65.0
105.0
155.0
155.0
100.0
180.0
35.0
285.0
190.0
280.0
150.0
85.0
40.0
170.0
145.0
205.0
260.0
50.0
35.0
150.0
85.0
130.0
205.0
230.0
205.0
175.0
445.0
185.0
75.0
335.0
140.0
25.0
150.0
215.0
55.0
255.0
150.0
275.0
420.0
260.0
130.0
205.0
165.0
70.0
490.0
210.0
220.0
185.0
195.0
120.0
165.0
30.0
170.0
120.0
310.0
195.0
470.0
230.0
245.0
420.0
265.0
300.0
60.0
95.0
210.0
130.0
235.0
430.0
480.0
35.0
55.0
130.0
295.0
200.0
35.0
155.0
160.0
215.0
110.0
360.0
80.0
410.0
150.0
185.0
60.0
130.0
85.0
140.0
200.0
170.0
195.0
210.0
235.0
75.0
50.0
115.0
180.0
350.0
120.0
55.0
290.0
205.0
135.0
90.0
110.0
475.0
185.0
60.0
215.0
110.0
135.0
85.0
50.0
415.0
110.0
120.0
325.0
20.0
170.0
175.0
175.0
100.0
505.0
65.0
75.0
275.0
140.0
405.0
95.0
185.0
190.0
50.0
80.0
140.0
40.0
80.0
135.0
180.0
225.0
55.0
180.0
205.0
110.0
135.0
60.0
150.0
160.0
195.0
310.0
80.0
140.0
160.0
130.0
165.0
175.0
105.0
70.0
115.0
160.0
120.0
235.0
505.0
35.0
195.0
145.0
80.0
115.0
35.0
145.0
200.0
30.0
55.0
220.0
105.0
20.0
180.0
50.0
55.0
145.0
135.0
185.0
140.0
100.0
195.0
10.0
55.0
215.0
235.0
340.0
65.0
90.0
120.0
110.0
335.0
45.0
90.0
205.0
330.0
550.0
140.0
130.0
160.0
150.0
85.0
35.0
220.0
105.0
85.0
125.0
385.0
50.0
180.0
35.0
125.0
65.0
65.0
15.0
440.0
330.0
120.0
30.0
165.0
165.0
155.0
255.0
225.0
50.0
30.0
210.0
200.0
155.0
260.0
35.0
60.0
430.0
145.0
130.0
30.0
130.0
205.0
200.0
120.0
205.0
20.0
115.0
220.0
180.0
50.0
270.0
85.0
360.0
240.0
235.0
45.0
55.0
85.0
615.0
370.0
130.0
305.0
80.0
180.0
155.0
85.0
190.0
355.0
180.0
80.0
180.0
50.0
270.0
135.0
145.0
530.0
100.0
90.0
10.0
70.0
255.0
150.0
65.0
490.0
480.0
275.0
35.0
90.0
80.0
140.0
20.0
490.0
515.0
215.0
25.0
175.0
285.0
30.0
175.0
180.0
90.0
535.0
190.0
180.0
175.0
40.0
140.0
130.0
295.0
525.0
155.0
65.0
200.0
55.0
180.0
90.0
245.0
145.0
135.0
555.0
160.0
375.0
95.0
185.0
270.0
220.0
140.0
295.0
75.0
140.0
5.0
60.0
140.0
405.0
190.0
40.0
85.0
95.0
235.0
75.0
25.0
95.0
85.0
45.0
180.0
140.0
115.0
200.0
85.0
270.0
95.0
130.0
95.0
220.0
285.0
425.0
55.0
95.0
265.0
280.0
80.0
130.0
180.0
10.0
55.0
25.0
150.0
105.0
200.0
275.0
180.0
250.0
155.0
55.0
80.0
85.0
180.0
195.0
80.0
205.0
90.0
95.0
475.0
330.0
160.0
250.0
165.0
170.0
35.0
125.0
135.0
75.0
150.0
325.0
270.0
175.0
40.0
220.0
195.0
280.0
435.0
215.0
175.0
55.0
120.0
75.0
230.0
210.0
265.0
30.0
55.0
105.0
260.0
65.0
115.0
145.0
125.0
195.0
240.0
95.0
80.0
220.0
285.0
280.0
240.0
365.0
235.0
40.0
235.0
150.0
315.0
205.0
80.0
220.0
40.0
170.0
185.0
170.0
135.0
370.0
40.0
120.0
210.0
115.0
80.0
165.0
470.0
140.0
85.0
120.0
245.0
190.0
220.0
40.0
85.0
170.0
425.0
60.0
150.0
235.0
155.0
185.0
330.0
145.0
205.0
175.0
125.0
65.0
395.0
335.0
105.0
15.0
240.0
180.0
145.0
345.0
200.0
270.0
100.0
170.0
260.0
115.0
310.0
60.0
235.0
105.0
60.0
125.0
90.0
135.0
200.0
370.0
190.0
425.0
55.0
205.0
225.0
85.0
35.0
50.0
290.0
270.0
30.0
160.0
245.0
190.0
245.0
290.0
345.0
290.0
260.0
70.0
145.0
95.0
250.0
80.0
200.0
125.0
210.0
80.0
45.0
110.0
105.0
200.0
90.0
125.0
120.0
240.0
360.0
215.0
180.0
410.0
95.0
95.0
200.0
175.0
285.0
395.0
345.0
130.0
90.0
110.0
160.0
200.0
50.0
105.0
110.0
115.0
60.0
55.0
350.0
165.0
170.0
115.0
125.0
75.0
380.0
80.0
65.0
65.0
80.0
80.0
140.0
415.0
290.0
320.0
120.0
135.0
280.0
120.0
195.0
135.0
30.0
395.0
70.0
220.0
215.0
180.0
170.0
140.0
115.0
155.0
180.0
30.0
95.0
205.0
370.0
125.0
100.0
110.0
250.0
60.0
105.0
455.0
135.0
90.0
290.0
165.0
120.0
140.0
230.0
285.0
420.0
235.0
150.0
55.0
80.0
185.0
465.0
270.0
120.0
210.0
90.0
245.0
500.0
360.0
15.0
115.0
260.0
105.0
150.0
235.0
30.0
220.0
40.0
135.0
60.0
95.0
150.0
230.0
125.0
250.0
150.0
90.0
365.0
130.0
120.0
110.0
270.0
155.0
25.0
200.0
130.0
180.0
650.0
160.0
475.0
285.0
395.0
75.0
90.0
75.0
230.0
110.0
135.0
355.0
160.0
180.0
60.0
80.0
105.0
310.0
75.0
120.0
355.0
70.0
180.0
110.0
285.0
65.0
110.0
45.0
325.0
50.0
50.0
105.0
505.0
120.0
220.0
210.0
100.0
165.0
175.0
90.0
75.0
125.0
95.0
135.0
130.0
30.0
125.0
60.0
185.0
155.0
460.0
105.0
165.0
110.0
260.0
180.0
30.0
220.0
395.0
260.0
345.0
105.0
65.0
520.0
115.0
410.0
140.0
120.0
215.0
100.0
55.0
215.0
380.0
100.0
35.0
35.0
155.0
305.0
135.0
105.0
165.0
260.0
45.0
185.0
235.0
35.0
315.0
90.0
210.0
375.0
110.0
75.0
100.0
90.0
215.0
180.0
175.0
105.0
165.0
220.0
400.0
210.0
430.0
135.0
350.0
80.0
105.0
205.0
35.0
60.0
260.0
185.0
130.0
135.0
150.0
200.0
105.0
260.0
265.0
260.0
350.0
125.0
100.0
75.0
180.0
95.0
110.0
80.0
225.0
70.0
115.0
140.0
250.0
390.0
85.0
230.0
230.0
180.0
150.0
170.0
305.0
120.0
200.0
355.0
130.0
415.0
425.0
200.0
230.0
20.0
115.0
260.0
60.0
445.0
110.0
130.0
105.0
255.0
90.0
245.0
150.0
500.0
145.0
390.0
170.0
565.0
50.0
60.0
225.0
460.0
230.0
400.0
370.0
275.0
315.0
40.0
215.0
240.0
110.0
140.0
85.0
465.0
110.0
355.0
85.0
120.0
140.0
75.0
75.0
545.0
105.0
125.0
210.0
310.0
95.0
15.0
410.0
425.0
135.0
105.0
90.0
175.0
45.0
135.0
260.0
570.0
330.0
315.0
110.0
625.0
360.0
115.0
90.0
150.0
110.0
200.0
125.0
65.0
370.0
225.0
80.0
140.0
205.0
140.0
150.0
180.0
85.0
490.0
215.0
150.0
220.0
190.0
95.0
235.0
405.0
410.0
50.0
365.0
175.0
385.0
70.0
205.0
140.0
90.0
195.0
80.0
305.0
175.0
105.0
225.0
80.0
270.0
215.0
200.0
180.0
120.0
240.0
285.0
10.0
130.0
65.0
165.0
105.0
185.0
90.0
110.0
155.0
160.0
495.0
140.0
155.0
105.0
140.0
360.0
185.0
120.0
195.0
195.0
245.0
185.0
185.0
200.0
60.0
570.0
70.0
150.0
235.0
195.0
220.0
225.0
155.0
290.0
205.0
135.0
70.0
115.0
65.0
10.0
90.0
385.0
160.0
130.0
225.0
65.0
225.0
205.0
250.0
370.0
475.0
195.0
165.0
50.0
140.0
200.0
110.0
240.0
120.0
145.0
175.0
145.0
15.0
215.0
70.0
65.0
15.0
30.0
110.0
190.0
275.0
105.0
90.0
110.0
215.0
160.0
170.0
125.0
275.0
55.0
130.0
305.0
560.0
270.0
125.0
255.0
180.0
160.0
105.0
470.0
90.0
135.0
65.0
300.0
170.0
65.0
20.0
50.0
140.0
325.0
160.0
375.0
375.0
185.0
205.0
465.0
205.0
245.0
155.0
80.0
265.0
70.0
195.0
85.0
165.0
115.0
530.0
185.0
290.0
450.0
170.0
415.0
155.0
135.0
195.0
110.0
35.0
220.0
530.0
165.0
65.0
355.0
60.0
160.0
140.0
285.0
215.0
230.0
435.0
215.0
130.0
80.0
115.0
335.0
515.0
245.0
180.0
115.0
45.0
60.0
130.0
205.0
160.0
140.0
195.0
125.0
390.0
145.0
20.0
125.0
550.0
205.0
210.0
120.0
390.0
170.0
265.0
305.0
215.0
405.0
205.0
405.0
170.0
155.0
140.0
190.0
305.0
85.0
40.0
210.0
135.0
135.0
270.0
185.0
250.0
245.0
60.0
535.0
420.0
55.0
115.0
460.0
10.0
170.0
270.0
190.0
545.0
65.0
325.0
435.0
645.0
55.0
175.0
50.0
240.0
415.0
95.0
115.0
160.0
185.0
410.0
350.0
50.0
125.0
170.0
330.0
160.0
365.0
700.0
160.0
175.0
180.0
355.0
325.0
355.0
240.0
75.0
530.0
325.0
80.0
300.0
45.0
310.0
145.0
105.0
130.0
140.0
115.0
120.0
320.0
70.0
330.0
160.0
140.0
80.0
55.0
60.0
110.0
175.0
110.0
575.0
335.0
100.0
55.0
120.0
125.0
290.0
70.0
205.0
250.0
80.0
270.0
430.0
65.0
35.0
100.0
260.0
100.0
155.0
120.0
325.0
650.0
250.0
90.0
250.0
250.0
320.0
320.0
125.0
120.0
105.0
215.0
220.0
285.0
350.0
400.0
125.0
65.0
385.0
180.0
320.0
95.0
120.0
180.0
0.0
205.0
210.0
150.0
370.0
255.0
235.0
180.0
180.0
180.0
240.0
245.0
205.0
265.0
260.0
135.0
155.0
35.0
65.0
50.0
220.0
410.0
265.0
195.0
310.0
430.0
390.0
245.0
490.0
170.0
215.0
470.0
400.0
165.0
85.0
285.0
220.0
55.0
135.0
185.0
435.0
310.0
175.0
345.0
355.0
265.0
290.0
425.0
465.0
320.0
140.0
195.0
70.0
130.0
235.0
255.0
385.0
275.0
195.0
60.0
315.0
55.0
60.0
150.0
90.0
245.0
240.0
640.0
460.0
360.0
95.0
275.0
145.0
105.0
245.0
250.0
190.0
270.0
600.0
170.0
70.0
260.0
85.0
215.0
445.0
140.0
165.0
190.0
85.0
180.0
225.0
190.0
55.0
335.0
350.0
195.0
45.0
40.0
355.0
695.0
190.0
85.0
230.0
375.0
100.0
225.0
130.0
50.0
130.0
270.0
285.0
55.0
215.0
45.0
175.0
360.0
195.0
255.0
510.0
250.0
370.0
135.0
120.0
55.0
185.0
150.0
105.0
505.0
185.0
235.0
165.0
135.0
195.0
205.0
210.0
230.0
195.0
275.0
120.0
130.0
110.0
150.0
195.0
635.0
145.0
230.0
370.0
170.0
75.0
160.0
460.0
345.0
250.0
65.0
185.0
260.0
50.0
335.0
355.0
215.0
265.0
115.0
85.0
80.0
200.0
60.0
70.0
260.0
250.0
365.0
240.0
525.0
245.0
170.0
255.0
195.0
195.0
495.0
40.0
90.0
190.0
355.0
75.0
310.0
195.0
125.0
175.0
75.0
305.0
75.0
120.0
270.0
130.0
200.0
190.0
460.0
170.0
410.0
140.0
70.0
200.0
240.0
405.0
165.0
70.0
240.0
170.0
225.0
525.0
550.0
170.0
260.0
140.0
455.0
675.0
245.0
165.0
615.0
430.0
250.0
200.0
80.0
25.0
120.0
100.0
245.0
80.0
225.0
165.0
160.0
235.0
185.0
120.0
175.0
185.0
55.0
240.0
125.0
80.0
510.0
305.0
90.0
505.0
240.0
70.0
145.0
135.0
230.0
160.0
385.0
260.0
315.0
270.0
220.0
50.0
85.0
505.0
335.0
365.0
240.0
180.0
365.0
75.0
430.0
175.0
185.0
365.0
130.0
430.0
450.0
70.0
145.0
320.0
260.0
440.0
180.0
170.0
310.0
125.0
285.0
185.0
65.0
175.0
300.0
325.0
440.0
140.0
175.0
280.0
185.0
120.0
215.0
540.0
230.0
30.0
280.0
450.0
275.0
105.0
185.0
100.0
310.0
270.0
75.0
450.0
135.0
215.0
200.0
100.0
210.0
185.0
635.0
430.0
160.0
440.0
145.0
75.0
410.0
160.0
210.0
220.0
190.0
175.0
215.0
155.0
445.0
145.0
300.0
320.0
60.0
100.0
410.0
210.0
225.0
190.0
450.0
395.0
55.0
115.0
230.0
130.0
50.0
195.0
255.0
310.0
65.0
460.0
165.0
330.0
245.0
150.0
100.0
360.0
395.0
210.0
260.0
80.0
335.0
590.0
305.0
475.0
175.0
215.0
175.0
465.0
180.0
235.0
170.0
220.0
395.0
600.0
55.0
190.0
75.0
85.0
95.0
75.0
210.0
135.0
225.0
250.0
290.0
315.0
220.0
385.0
100.0
170.0
470.0
330.0
95.0
175.0
50.0
130.0
465.0
140.0
190.0
55.0
265.0
140.0
280.0
165.0
180.0
85.0
240.0
205.0
265.0
240.0
175.0
495.0
90.0
210.0
135.0
215.0
210.0
210.0
405.0
185.0
335.0
280.0
285.0
260.0
335.0
175.0
130.0
195.0
360.0
205.0
165.0
45.0
165.0
150.0
290.0
300.0
215.0
155.0
250.0
50.0
180.0
220.0
215.0
130.0
505.0
335.0
920.0
110.0
75.0
245.0
360.0
150.0
290.0
240.0
160.0
555.0
450.0
145.0
145.0
310.0
310.0
355.0
540.0
145.0
340.0
115.0
220.0
265.0
55.0
270.0
200.0
255.0
240.0
485.0
195.0
70.0
105.0
350.0
170.0
195.0
230.0
235.0
315.0
410.0
325.0
145.0
165.0
110.0
45.0
290.0
220.0
85.0
305.0
385.0
65.0
185.0
55.0
485.0
195.0
390.0
300.0
1030.0
235.0
130.0
165.0
290.0
245.0
30.0
395.0
245.0
315.0
405.0
825.0
105.0
425.0
140.0
200.0
610.0
95.0
215.0
215.0
320.0
225.0
95.0
125.0
345.0
180.0
180.0
140.0
260.0
150.0
65.0
230.0
160.0
340.0
200.0
295.0
205.0
200.0
320.0
205.0
285.0
390.0
425.0
135.0
445.0
225.0
385.0
120.0
415.0
165.0
105.0
180.0
90.0
35.0
120.0
645.0
230.0
90.0
190.0
200.0
260.0
460.0
55.0
325.0
380.0
230.0
120.0
345.0
245.0
195.0
305.0
500.0
240.0
310.0
275.0
290.0
215.0
240.0
35.0
255.0
170.0
325.0
170.0
65.0
250.0
125.0
160.0
285.0
90.0
230.0
785.0
300.0
445.0
160.0
185.0
180.0
405.0
220.0
350.0
195.0
170.0
120.0
180.0
250.0
215.0
365.0
275.0
160.0
40.0
125.0
365.0
295.0
235.0
240.0
385.0
275.0
120.0
140.0
300.0
240.0
180.0
200.0
185.0
155.0
90.0
170.0
225.0
615.0
130.0
405.0
205.0
765.0
115.0
190.0
380.0
600.0
230.0
340.0
245.0
30.0
70.0
185.0
185.0
250.0
240.0
165.0
610.0
280.0
125.0
310.0
450.0
270.0
125.0
335.0
40.0
150.0
190.0
100.0
190.0
310.0
165.0
260.0
320.0
340.0
125.0
185.0
105.0
195.0
190.0
50.0
100.0
165.0
445.0
35.0
260.0
585.0
580.0
185.0
230.0
225.0
535.0
30.0
175.0
235.0
430.0
305.0
230.0
125.0
220.0
210.0
290.0
540.0
400.0
440.0
225.0
170.0
490.0
580.0
135.0
405.0
80.0
375.0
140.0
495.0
140.0
200.0
175.0
135.0
60.0
195.0
155.0
205.0
110.0
120.0
200.0
195.0
290.0
215.0
155.0
510.0
280.0
215.0
185.0
260.0
120.0
155.0
175.0
445.0
585.0
115.0
290.0
190.0
75.0
300.0
370.0
170.0
475.0
295.0
205.0
205.0
205.0
105.0
270.0
165.0
325.0
420.0
250.0
205.0
165.0
655.0
310.0
55.0
180.0
435.0
240.0
205.0
220.0
145.0
345.0
195.0
170.0
205.0
170.0
340.0
60.0
210.0
110.0
200.0
55.0
110.0
250.0
140.0
225.0
140.0
180.0
55.0
20.0
60.0
200.0
155.0
240.0
220.0
220.0
220.0
355.0
95.0
205.0
65.0
180.0
155.0
205.0
210.0
525.0
265.0
440.0
255.0
250.0
185.0
255.0
140.0
175.0
170.0
290.0
835.0
145.0
265.0
450.0
80.0
130.0
160.0
160.0
280.0
180.0
385.0
205.0
125.0
325.0
275.0
160.0
245.0
80.0
195.0
185.0
155.0
220.0
325.0
375.0
150.0
145.0
50.0
590.0
445.0
285.0
50.0
415.0
245.0
260.0
180.0
210.0
290.0
300.0
85.0
155.0
275.0
145.0
55.0
200.0
265.0
395.0
515.0
230.0
450.0
165.0
110.0
265.0
270.0
170.0
235.0
50.0
240.0
135.0
60.0
150.0
105.0
200.0
345.0
195.0
450.0
225.0
180.0
330.0
165.0
265.0
250.0
120.0
160.0
225.0
170.0
245.0
155.0
235.0
245.0
255.0
195.0
765.0
310.0
60.0
235.0
195.0
75.0
450.0
490.0
200.0
60.0
235.0
335.0
315.0
215.0
435.0
285.0
180.0
285.0
245.0
225.0
130.0
350.0
355.0
230.0
295.0
490.0
170.0
170.0
140.0
205.0
275.0
175.0
345.0
500.0
275.0
340.0
160.0
185.0
320.0
195.0
175.0
295.0
210.0
450.0
250.0
265.0
250.0
420.0
170.0
95.0
200.0
120.0
60.0
145.0
700.0
155.0
240.0
260.0
150.0
320.0
330.0
185.0
280.0
335.0
320.0
205.0
540.0
200.0
230.0
235.0
105.0
180.0
435.0
140.0
110.0
620.0
815.0
320.0
430.0
485.0
110.0
145.0
275.0
260.0
185.0
170.0
80.0
360.0
120.0
205.0
110.0
140.0
130.0
145.0
100.0
205.0
120.0
195.0
150.0
25.0
155.0
60.0
160.0
265.0
95.0
170.0
505.0
220.0
70.0
330.0
355.0
525.0
140.0
205.0
70.0
195.0
190.0
95.0
180.0
170.0
120.0
250.0
335.0
200.0
195.0
150.0
100.0
200.0
130.0
215.0
235.0
235.0
125.0
70.0
155.0
115.0
105.0
265.0
395.0
525.0
290.0
380.0
70.0
335.0
265.0
200.0
30.0
265.0
205.0
155.0
50.0
195.0
170.0
145.0
280.0
315.0
135.0
100.0
275.0
365.0
30.0
115.0
55.0
140.0
410.0
20.0
120.0
180.0
130.0
310.0
295.0
20.0
270.0
70.0
175.0
365.0
95.0
180.0
255.0
165.0
100.0
170.0
325.0
155.0
205.0
220.0
360.0
235.0
315.0
285.0
220.0
335.0
170.0
255.0
60.0
180.0
125.0
260.0
325.0
45.0
230.0
270.0
170.0
365.0
135.0
280.0
670.0
520.0
80.0
130.0
40.0
155.0
465.0
140.0
220.0
145.0
45.0
80.0
210.0
160.0
270.0
60.0
175.0
195.0
145.0
155.0
240.0
315.0
100.0
350.0
150.0
135.0
170.0
220.0
150.0
115.0
300.0
470.0
120.0
20.0
280.0
200.0
140.0
80.0
80.0
120.0
30.0
150.0
505.0
305.0
290.0
300.0
105.0
245.0
350.0
210.0
400.0
305.0
150.0
130.0
325.0
110.0
200.0
170.0
25.0
30.0
200.0
230.0
165.0
55.0
170.0
30.0
135.0
150.0
65.0
275.0
195.0
125.0
110.0
330.0
470.0
540.0
290.0
95.0
110.0
135.0
140.0
105.0
245.0
190.0
140.0
120.0
560.0
660.0
145.0
115.0
250.0
105.0
60.0
470.0
500.0
100.0
200.0
165.0
450.0
150.0
120.0
180.0
255.0
275.0
125.0
300.0
320.0
325.0
335.0
425.0
160.0
305.0
250.0
225.0
275.0
140.0
220.0
180.0
75.0
230.0
205.0
340.0
540.0
185.0
250.0
120.0
110.0
355.0
235.0
175.0
115.0
250.0
440.0
100.0
285.0
330.0
255.0
120.0
380.0
285.0
60.0
215.0
190.0
535.0
120.0
345.0
265.0
310.0
230.0
380.0
210.0
95.0
190.0
150.0
120.0
185.0
305.0
170.0
150.0
350.0
310.0
225.0
125.0
80.0
95.0
85.0
280.0
390.0
115.0
155.0
225.0
215.0
50.0
370.0
135.0
165.0
50.0
165.0
110.0
60.0
195.0
180.0
85.0
175.0
205.0
175.0
35.0
45.0
270.0
215.0
175.0
200.0
65.0
205.0
220.0
310.0
135.0
145.0
320.0
210.0
305.0
125.0
85.0
145.0
285.0
80.0
255.0
255.0
285.0
480.0
40.0
300.0
30.0
110.0
145.0
55.0
220.0
200.0
375.0
210.0
165.0
250.0
230.0
205.0
250.0
205.0
350.0
165.0
310.0
110.0
85.0
220.0
115.0
720.0
165.0
140.0
150.0
360.0
120.0
165.0
65.0
115.0
485.0
155.0
230.0
50.0
255.0
150.0
215.0
95.0
185.0
50.0
50.0
260.0
185.0
545.0
355.0
220.0
225.0
330.0
145.0
195.0
85.0
350.0
240.0
160.0
285.0
255.0
120.0
420.0
125.0
215.0
375.0
155.0
365.0
185.0
260.0
240.0
95.0
85.0
220.0
160.0
70.0
75.0
225.0
510.0
280.0
165.0
265.0
180.0
185.0
550.0
315.0
65.0
85.0
225.0
20.0
305.0
555.0
515.0
325.0
230.0
390.0
180.0
270.0
110.0
280.0
200.0
270.0
25.0
160.0
225.0
165.0
305.0
145.0
200.0
270.0
190.0
65.0
140.0
280.0
125.0
160.0
145.0
470.0
240.0
200.0
210.0
135.0
105.0
375.0
215.0
370.0
300.0
510.0
190.0
440.0
175.0
160.0
135.0
45.0
115.0
505.0
290.0
310.0
295.0
100.0
40.0
155.0
330.0
90.0
255.0
115.0
280.0
35.0
230.0
215.0
70.0
105.0
120.0
80.0
205.0
445.0
220.0
405.0
210.0
200.0
550.0
355.0
420.0
110.0
195.0
105.0
100.0
85.0
190.0
25.0
185.0
220.0
110.0
50.0
30.0
490.0
105.0
390.0
295.0
245.0
270.0
385.0
135.0
190.0
110.0
150.0
140.0
280.0
195.0
195.0
130.0
440.0
395.0
345.0
85.0
330.0
315.0
415.0
110.0
245.0
190.0
260.0
160.0
140.0
135.0
130.0
295.0
310.0
220.0
85.0
185.0
555.0
220.0
235.0
605.0
200.0
295.0
130.0
235.0
185.0
375.0
145.0
515.0
220.0
210.0
270.0
420.0
190.0
185.0
345.0
80.0
295.0
320.0
465.0
335.0
305.0
100.0
230.0
270.0
160.0
130.0
70.0
300.0
200.0
105.0
150.0
85.0
145.0
175.0
65.0
215.0
195.0
195.0
375.0
335.0
185.0
240.0
240.0
240.0
240.0
135.0
405.0
310.0
435.0
325.0
180.0
190.0
65.0
530.0
500.0
130.0
90.0
590.0
90.0
270.0
145.0
185.0
365.0
330.0
220.0
630.0
625.0
290.0
270.0
60.0
185.0
165.0
90.0
250.0
215.0
430.0
335.0
430.0
440.0
140.0
295.0
365.0
120.0
240.0
210.0
75.0
190.0
235.0
425.0
275.0
70.0
80.0
375.0
145.0
625.0
355.0
225.0
95.0
355.0
470.0
150.0
120.0
430.0
60.0
275.0
310.0
555.0
210.0
340.0
315.0
145.0
190.0
350.0
85.0
60.0
145.0
310.0
210.0
215.0
245.0
355.0
270.0
160.0
190.0
410.0
520.0
210.0
260.0
210.0
320.0
55.0
60.0
335.0
455.0
240.0
145.0
315.0
280.0
295.0
170.0
170.0
230.0
705.0
290.0
235.0
440.0
275.0
415.0
170.0
245.0
150.0
245.0
75.0
140.0
40.0
30.0
290.0
170.0
75.0
305.0
310.0
290.0
440.0
220.0
240.0
190.0
155.0
695.0
190.0
75.0
170.0
115.0
370.0
30.0
85.0
50.0
110.0
130.0
315.0
255.0
550.0
125.0
445.0
580.0
185.0
115.0
410.0
180.0
245.0
530.0
280.0
255.0
55.0
325.0
510.0
170.0
185.0
140.0
280.0
315.0
320.0
550.0
310.0
240.0
195.0
25.0
475.0
145.0
165.0
440.0
350.0
160.0
515.0
100.0
200.0
110.0
160.0
310.0
250.0
510.0
225.0
150.0
80.0
215.0
180.0
25.0
235.0
130.0
125.0
175.0
415.0
320.0
90.0
295.0
340.0
110.0
210.0
145.0
250.0
60.0
230.0
210.0
570.0
175.0
350.0
105.0
310.0
355.0
500.0
35.0
55.0
75.0
440.0
355.0
170.0
320.0
215.0
420.0
600.0
205.0
525.0
55.0
170.0
370.0
425.0
295.0
140.0
380.0
180.0
275.0
500.0
290.0
295.0
480.0
330.0
220.0
275.0
255.0
110.0
140.0
45.0
155.0
310.0
155.0
170.0
310.0
160.0
645.0
510.0
290.0
275.0
275.0
320.0
245.0
365.0
190.0
345.0
375.0
125.0
210.0
555.0
290.0
245.0
120.0
330.0
215.0
165.0
340.0
80.0
310.0
165.0
260.0
145.0
170.0
140.0
365.0
280.0
45.0
365.0
295.0
295.0
185.0
170.0
335.0
225.0
560.0
125.0
210.0
355.0
195.0
410.0
20.0
255.0
220.0
130.0
195.0
110.0
250.0
275.0
85.0
295.0
225.0
165.0
290.0
130.0
155.0
255.0
340.0
225.0
205.0
185.0
155.0
130.0
80.0
60.0
320.0
70.0
455.0
55.0
530.0
225.0
310.0
180.0
250.0
285.0
105.0
85.0
390.0
175.0
140.0
155.0
325.0
130.0
50.0
590.0
170.0
435.0
280.0
140.0
385.0
150.0
620.0
460.0
160.0
475.0
150.0
265.0
260.0
155.0
265.0
215.0
245.0
150.0
195.0
30.0
75.0
395.0
450.0
360.0
220.0
285.0
45.0
285.0
305.0
315.0
130.0
355.0
335.0
160.0
175.0
145.0
180.0
225.0
100.0
240.0
20.0
120.0
395.0
180.0
470.0
410.0
690.0
595.0
100.0
255.0
750.0
415.0
340.0
75.0
205.0
480.0
140.0
125.0
675.0
155.0
260.0
180.0
245.0
135.0
265.0
90.0
200.0
255.0
170.0
260.0
10.0
130.0
370.0
230.0
320.0
195.0
210.0
365.0
290.0
335.0
345.0
120.0
55.0
140.0
475.0
365.0
170.0
255.0
160.0
255.0
110.0
85.0
205.0
105.0
60.0
600.0
200.0
475.0
130.0
150.0
355.0
445.0
50.0
355.0
130.0
255.0
430.0
205.0
205.0
300.0
335.0
170.0
175.0
220.0
220.0
85.0
95.0
260.0
75.0
170.0
310.0
175.0
220.0
150.0
175.0
245.0
380.0
250.0
205.0
160.0
35.0
180.0
130.0
360.0
360.0
150.0
345.0
170.0
320.0
240.0
320.0
595.0
160.0
150.0
285.0
460.0
305.0
220.0
470.0
360.0
305.0
220.0
175.0
295.0
300.0
300.0
185.0
200.0
260.0
295.0
180.0
225.0
305.0
425.0
185.0
165.0
50.0
215.0
235.0
480.0
205.0
130.0
115.0
235.0
70.0
50.0
275.0
285.0
180.0
330.0
35.0
95.0
390.0
245.0
215.0
55.0
190.0
385.0
310.0
170.0
330.0
170.0
290.0
220.0
145.0
225.0
170.0
415.0
225.0
150.0
230.0
85.0
240.0
200.0
205.0
155.0
290.0
170.0
200.0
265.0
110.0
95.0
240.0
335.0
185.0
70.0
275.0
330.0
285.0
400.0
85.0
45.0
415.0
40.0
170.0
245.0
200.0
350.0
115.0
465.0
495.0
495.0
75.0
235.0
175.0
630.0
95.0
255.0
80.0
45.0
215.0
220.0
245.0
375.0
250.0
100.0
205.0
120.0
310.0
135.0
150.0
85.0
130.0
450.0
55.0
85.0
160.0
330.0
165.0
230.0
165.0
120.0
400.0
120.0
475.0
340.0
620.0
300.0
455.0
635.0
540.0
205.0
185.0
50.0
450.0
30.0
200.0
505.0
275.0
305.0
415.0
250.0
285.0
340.0
375.0
500.0
45.0
190.0
270.0
60.0
100.0
195.0
715.0
240.0
165.0
280.0
200.0
125.0
200.0
240.0
90.0
110.0
280.0
300.0
205.0
200.0
445.0
275.0
150.0
165.0
345.0
185.0
705.0
250.0
210.0
315.0
340.0
260.0
100.0
370.0
80.0
715.0
240.0
165.0
170.0
55.0
65.0
155.0
135.0
390.0
120.0
25.0
290.0
160.0
455.0
220.0
215.0
395.0
295.0
165.0
335.0
285.0
410.0
140.0
70.0
155.0
155.0
90.0
305.0
300.0
340.0
255.0
250.0
15.0
390.0
445.0
145.0
155.0
185.0
80.0
205.0
290.0
185.0
85.0
395.0
115.0
475.0
155.0
105.0
225.0
320.0
270.0
115.0
190.0
145.0
205.0
160.0
160.0
490.0
330.0
395.0
185.0
440.0
70.0
125.0
325.0
100.0
270.0
120.0
85.0
320.0
305.0
240.0
200.0
255.0
225.0
285.0
110.0
290.0
175.0
360.0
250.0
400.0
195.0
190.0
760.0
235.0
355.0
175.0
640.0
300.0
185.0
385.0
180.0
95.0
240.0
480.0
360.0
250.0
270.0
155.0
195.0
265.0
210.0
110.0
270.0
280.0
310.0
325.0
75.0
185.0
395.0
395.0
160.0
300.0
90.0
80.0
430.0
210.0
155.0
100.0
310.0
180.0
175.0
670.0
90.0
320.0
220.0
215.0
185.0
285.0
265.0
165.0
230.0
120.0
335.0
120.0
165.0
230.0
290.0
340.0
265.0
370.0
185.0
80.0
85.0
120.0
285.0
340.0
240.0
55.0
305.0
230.0
215.0
145.0
450.0
185.0
350.0
80.0
105.0
490.0
245.0
150.0
245.0
320.0
110.0
190.0
375.0
210.0
95.0
250.0
175.0
450.0
160.0
135.0
60.0
200.0
320.0
480.0
500.0
465.0
270.0
150.0
470.0
245.0
280.0
140.0
265.0
245.0
295.0
170.0
180.0
280.0
90.0
125.0
195.0
190.0
160.0
220.0
350.0
250.0
220.0
530.0
320.0
325.0
495.0
440.0
285.0
260.0
290.0
295.0
175.0
215.0
295.0
275.0
65.0
95.0
260.0
220.0
285.0
175.0
220.0
360.0
365.0
475.0
120.0
135.0
85.0
205.0
245.0
275.0
150.0
285.0
210.0
145.0
325.0
95.0
155.0
135.0
275.0
220.0
310.0
190.0
155.0
420.0
85.0
45.0
125.0
145.0
185.0
245.0
495.0
395.0
140.0
80.0
445.0
185.0
80.0
345.0
110.0
325.0
125.0
155.0
540.0
325.0
320.0
300.0
95.0
345.0
185.0
470.0
195.0
280.0
235.0
165.0
15.0
265.0
135.0
160.0
185.0
235.0
155.0
255.0
250.0
130.0
415.0
75.0
130.0
325.0
210.0
155.0
335.0
150.0
210.0
55.0
250.0
65.0
175.0
95.0
245.0
125.0
115.0
265.0
125.0
170.0
135.0
75.0
240.0
315.0
215.0
180.0
415.0
290.0
220.0
60.0
35.0
395.0
105.0
250.0
70.0
345.0
90.0
130.0
170.0
130.0
155.0
165.0
215.0
155.0
165.0
205.0
330.0
35.0
230.0
175.0
295.0
170.0
340.0
200.0
255.0
120.0
225.0
115.0
265.0
260.0
130.0
245.0
170.0
85.0
200.0
155.0
300.0
300.0
255.0
200.0
110.0
215.0
230.0
300.0
315.0
260.0
105.0
130.0
300.0
105.0
210.0
130.0
175.0
220.0
165.0
345.0
225.0
175.0
100.0
250.0
270.0
155.0
425.0
270.0
730.0
260.0
320.0
220.0
225.0
135.0
140.0
295.0
190.0
220.0
425.0
395.0
70.0
390.0
180.0
155.0
520.0
165.0
205.0
95.0
195.0
100.0
440.0
310.0
230.0
245.0
15.0
165.0
100.0
245.0
35.0
560.0
165.0
95.0
175.0
360.0
250.0
480.0
185.0
55.0
470.0
55.0
415.0
240.0
375.0
90.0
195.0
145.0
430.0
95.0
175.0
60.0
90.0
215.0
220.0
300.0
550.0
460.0
345.0
345.0
340.0
185.0
295.0
145.0
185.0
160.0
80.0
285.0
100.0
500.0
155.0
210.0
155.0
95.0
205.0
105.0
110.0
200.0
445.0
225.0
160.0
360.0
595.0
125.0
60.0
75.0
105.0
190.0
355.0
155.0
190.0
295.0
300.0
145.0
165.0
80.0
160.0
165.0
250.0
205.0
260.0
165.0
60.0
130.0
150.0
255.0
575.0
190.0
190.0
205.0
195.0
230.0
285.0
80.0
280.0
285.0
190.0
580.0
335.0
405.0
690.0
500.0
135.0
925.0
295.0
445.0
415.0
365.0
140.0
200.0
290.0
95.0
115.0
35.0
245.0
240.0
65.0
105.0
155.0
245.0
80.0
60.0
60.0
215.0
470.0
80.0
235.0
270.0
170.0
115.0
45.0
145.0
210.0
250.0
470.0
100.0
635.0
345.0
90.0
160.0
355.0
640.0
255.0
180.0
140.0
220.0
205.0
190.0
80.0
190.0
295.0
130.0
210.0
325.0
380.0
465.0
30.0
260.0
965.0
160.0
75.0
290.0
105.0
155.0
450.0
350.0
50.0
180.0
170.0
265.0
290.0
170.0
200.0
665.0
155.0
200.0
40.0
265.0
205.0
205.0
145.0
330.0
535.0
210.0
290.0
55.0
50.0
790.0
320.0
105.0
545.0
170.0
115.0
165.0
75.0
65.0
755.0
375.0
190.0
355.0
205.0
70.0
375.0
85.0
55.0
130.0
340.0
170.0
215.0
95.0
80.0
90.0
60.0
215.0
110.0
90.0
20.0
350.0
65.0
410.0
180.0
165.0
80.0
265.0
100.0
90.0
305.0
360.0
175.0
390.0
155.0
305.0
175.0
190.0
430.0
125.0
30.0
330.0
85.0
590.0
215.0
170.0
225.0
270.0
185.0
210.0
90.0
45.0
280.0
145.0
175.0
160.0
175.0
265.0
85.0
55.0
85.0
175.0
145.0
330.0
255.0
255.0
380.0
195.0
30.0
310.0
280.0
620.0
615.0
435.0
335.0
130.0
360.0
245.0
135.0
265.0
160.0
195.0
395.0
640.0
90.0
200.0
165.0
245.0
180.0
335.0
210.0
35.0
325.0
250.0
150.0
60.0
320.0
310.0
190.0
350.0
260.0
295.0
175.0
320.0
175.0
335.0
560.0
55.0
190.0
370.0
135.0
95.0
295.0
250.0
125.0
80.0
145.0
160.0
190.0
95.0
235.0
190.0
110.0
100.0
290.0
170.0
160.0
35.0
245.0
310.0
130.0
290.0
85.0
160.0
160.0
475.0
220.0
460.0
255.0
150.0
445.0
95.0
390.0
175.0
345.0
145.0
185.0
150.0
85.0
185.0
55.0
210.0
30.0
125.0
210.0
395.0
80.0
205.0
285.0
195.0
265.0
305.0
155.0
60.0
240.0
145.0
165.0
55.0
375.0
240.0
280.0
195.0
130.0
275.0
45.0
190.0
170.0
120.0
280.0
265.0
135.0
105.0
190.0
65.0
175.0
140.0
245.0
55.0
75.0
205.0
170.0
280.0
115.0
250.0
160.0
135.0
235.0
130.0
40.0
140.0
170.0
275.0
685.0
70.0
340.0
165.0
190.0
370.0
120.0
255.0
70.0
200.0
250.0
240.0
290.0
85.0
255.0
560.0
215.0
205.0
60.0
430.0
360.0
350.0
205.0
215.0
400.0
740.0
160.0
270.0
190.0
185.0
225.0
190.0
85.0
115.0
260.0
135.0
115.0
50.0
410.0
320.0
555.0
45.0
265.0
440.0
290.0
190.0
125.0
185.0
390.0
280.0
240.0
175.0
265.0
65.0
175.0
220.0
370.0
220.0
140.0
340.0
270.0
80.0
400.0
215.0
170.0
405.0
105.0
210.0
310.0
280.0
125.0
110.0
90.0
160.0
385.0
115.0
150.0
85.0
185.0
135.0
365.0
200.0
35.0
170.0
290.0
250.0
570.0
215.0
260.0
135.0
575.0
255.0
240.0
75.0
135.0
620.0
505.0
75.0
440.0
585.0
600.0
165.0
45.0
180.0
295.0
335.0
535.0
45.0
75.0
235.0
85.0
230.0
305.0
345.0
210.0
30.0
205.0
275.0
470.0
230.0
300.0
35.0
235.0
100.0
170.0
440.0
215.0
280.0
200.0
275.0
130.0
240.0
155.0
540.0
325.0
290.0
545.0
260.0
480.0
265.0
145.0
160.0
250.0
265.0
725.0
170.0
165.0
120.0
330.0
175.0
170.0
230.0
370.0
260.0
330.0
130.0
95.0
220.0
455.0
160.0
180.0
235.0
65.0
90.0
290.0
180.0
420.0
190.0
45.0
80.0
240.0
120.0
125.0
600.0
55.0
95.0
205.0
225.0
60.0
160.0
125.0
130.0
205.0
500.0
255.0
85.0
175.0
460.0
245.0
120.0
120.0
55.0
125.0
255.0
80.0
455.0
325.0
445.0
290.0
300.0
175.0
105.0
200.0
780.0
165.0
590.0
210.0
165.0
280.0
450.0
545.0
400.0
240.0
165.0
135.0
65.0
120.0
205.0
385.0
250.0
170.0
240.0
155.0
140.0
20.0
55.0
190.0
190.0
60.0
120.0
320.0
240.0
105.0
65.0
50.0
280.0
50.0
220.0
75.0
135.0
380.0
225.0
220.0
130.0
130.0
350.0
150.0
245.0
50.0
340.0
170.0
115.0
230.0
285.0
325.0
245.0
170.0
325.0
245.0
235.0
435.0
190.0
180.0
625.0
360.0
165.0
355.0
280.0
300.0
275.0
120.0
205.0
340.0
290.0
430.0
320.0
320.0
160.0
370.0
195.0
195.0
180.0
150.0
115.0
415.0
330.0
375.0
220.0
460.0
45.0
30.0
90.0
230.0
430.0
130.0
380.0
410.0
330.0
230.0
175.0
170.0
185.0
210.0
55.0
275.0
15.0
310.0
115.0
180.0
310.0
305.0
10.0
170.0
100.0
145.0
30.0
235.0
355.0
200.0
55.0
270.0
480.0
220.0
205.0
335.0
165.0
260.0
305.0
240.0
245.0
125.0
280.0
215.0
455.0
50.0
410.0
145.0
350.0
350.0
415.0
290.0
140.0
190.0
190.0
170.0
380.0
350.0
90.0
235.0
110.0
155.0
270.0
550.0
185.0
185.0
275.0
335.0
320.0
150.0
230.0
115.0
15.0
200.0
185.0
270.0
490.0
35.0
215.0
220.0
30.0
165.0
85.0
160.0
355.0
220.0
195.0
460.0
190.0
295.0
210.0
70.0
225.0
75.0
140.0
75.0
155.0
560.0
280.0
215.0
175.0
390.0
275.0
190.0
205.0
200.0
170.0
335.0
275.0
215.0
170.0
195.0
255.0
175.0
220.0
50.0
410.0
230.0
190.0
240.0
275.0
190.0
195.0
250.0
330.0
220.0
195.0
225.0
295.0
60.0
200.0
380.0
135.0
190.0
220.0
450.0
255.0
130.0
20.0
210.0
280.0
205.0
225.0
370.0
220.0
200.0
210.0
115.0
25.0
55.0
145.0
30.0
295.0
185.0
155.0
120.0
85.0
150.0
125.0
30.0
330.0
250.0
160.0
285.0
265.0
175.0
150.0
30.0
200.0
495.0
250.0
285.0
140.0
50.0
135.0
350.0
210.0
245.0
110.0
115.0
245.0
220.0
275.0
235.0
430.0
305.0
215.0
310.0
190.0
705.0
55.0
135.0
260.0
575.0
30.0
230.0
145.0
140.0
180.0
145.0
180.0
175.0
245.0
520.0
195.0
35.0
195.0
265.0
215.0
35.0
185.0
140.0
120.0
350.0
265.0
35.0
265.0
75.0
115.0
75.0
175.0
175.0
230.0
115.0
70.0
195.0
165.0
135.0
335.0
620.0
60.0
315.0
265.0
185.0
315.0
210.0
185.0
250.0
125.0
170.0
60.0
125.0
270.0
200.0
495.0
395.0
100.0
160.0
225.0
240.0
160.0
160.0
160.0
210.0
275.0
65.0
75.0
225.0
235.0
240.0
395.0
180.0
195.0
200.0
270.0
250.0
60.0
305.0
225.0
390.0
140.0
95.0
205.0
205.0
430.0
100.0
120.0
235.0
220.0
295.0
400.0
215.0
170.0
150.0
130.0
120.0
35.0
280.0
145.0
240.0
150.0
35.0
70.0
20.0
310.0
70.0
325.0
230.0
245.0
160.0
200.0
150.0
315.0
160.0
220.0
525.0
220.0
165.0
45.0
135.0
130.0
160.0
75.0
230.0
200.0
175.0
295.0
220.0
175.0
285.0
220.0
240.0
135.0
130.0
355.0
265.0
205.0
30.0
325.0
85.0
245.0
255.0
50.0
155.0
90.0
25.0
515.0
40.0
275.0
270.0
170.0
145.0
440.0
60.0
355.0
65.0
160.0
180.0
690.0
35.0
110.0
60.0
75.0
30.0
260.0
125.0
210.0
375.0
80.0
125.0
130.0
130.0
200.0
220.0
230.0
255.0
105.0
125.0
300.0
110.0
215.0
85.0
300.0
240.0
205.0
210.0
55.0
250.0
190.0
160.0
215.0
105.0
105.0
175.0
400.0
165.0
160.0
125.0
70.0
145.0
300.0
120.0
115.0
205.0
230.0
715.0
280.0
15.0
45.0
525.0
240.0
130.0
70.0
385.0
150.0
490.0
20.0
130.0
265.0
55.0
155.0
110.0
195.0
455.0
170.0
395.0
300.0
95.0
125.0
210.0
395.0
280.0
315.0
110.0
215.0
185.0
245.0
110.0
510.0
680.0
145.0
255.0
355.0
155.0
405.0
145.0
60.0
255.0
400.0
215.0
120.0
140.0
305.0
155.0
75.0
65.0
465.0
430.0
395.0
460.0
180.0
305.0
445.0
195.0
205.0
65.0
100.0
205.0
160.0
80.0
210.0
85.0
125.0
200.0
165.0
150.0
240.0
105.0
290.0
325.0
225.0
520.0
160.0
305.0
120.0
220.0
275.0
140.0
240.0
190.0
155.0
100.0
65.0
35.0
220.0
240.0
275.0
110.0
305.0
410.0
235.0
125.0
240.0
315.0
235.0
85.0
500.0
360.0
125.0
225.0
140.0
255.0
180.0
60.0
125.0
80.0
145.0
505.0
130.0
405.0
315.0
145.0
190.0
115.0
200.0
345.0
190.0
180.0
215.0
120.0
160.0
155.0
250.0
190.0
150.0
55.0
75.0
210.0
215.0
240.0
195.0
85.0
400.0
185.0
225.0
260.0
325.0
255.0
245.0
135.0
185.0
135.0
220.0
65.0
175.0
355.0
310.0
85.0
80.0
265.0
305.0
475.0
85.0
190.0
105.0
205.0
125.0
65.0
380.0
515.0
175.0
200.0
25.0
350.0
350.0
235.0
180.0
290.0
490.0
75.0
70.0
300.0
565.0
65.0
175.0
280.0
300.0
340.0
210.0
405.0
495.0
135.0
215.0
360.0
70.0
280.0
390.0
485.0
40.0
375.0
185.0
495.0
65.0
190.0
205.0
340.0
420.0
30.0
400.0
175.0
50.0
180.0
260.0
180.0
200.0
225.0
135.0
150.0
235.0
210.0
35.0
125.0
135.0
235.0
215.0
175.0
320.0
180.0
255.0
145.0
370.0
245.0
320.0
115.0
115.0
125.0
275.0
365.0
275.0
235.0
45.0
335.0
190.0
530.0
145.0
225.0
515.0
170.0
170.0
185.0
170.0
235.0
115.0
195.0
275.0
175.0
200.0
110.0
200.0
165.0
200.0
415.0
260.0
340.0
105.0
225.0
520.0
165.0
35.0
175.0
135.0
440.0
205.0
235.0
285.0
335.0
230.0
235.0
185.0
240.0
65.0
320.0
370.0
145.0
125.0
245.0
55.0
225.0
180.0
370.0
90.0
230.0
150.0
145.0
165.0
135.0
90.0
330.0
20.0
140.0
110.0
200.0
330.0
125.0
430.0
205.0
155.0
145.0
320.0
145.0
215.0
215.0
205.0
105.0
405.0
180.0
70.0
260.0
205.0
300.0
460.0
285.0
220.0
190.0
460.0
235.0
145.0
680.0
175.0
45.0
175.0
120.0
540.0
85.0
210.0
160.0
360.0
445.0
155.0
250.0
160.0
150.0
380.0
165.0
125.0
310.0
165.0
170.0
80.0
105.0
155.0
140.0
280.0
320.0
280.0
685.0
100.0
100.0
385.0
70.0
225.0
390.0
520.0
210.0
200.0
160.0
175.0
150.0
175.0
220.0
145.0
705.0
170.0
120.0
195.0
140.0
25.0
105.0
265.0
80.0
115.0
190.0
180.0
355.0
335.0
85.0
425.0
270.0
425.0
170.0
310.0
185.0
300.0
90.0
195.0
220.0
160.0
280.0
200.0
160.0
170.0
195.0
185.0
195.0
185.0
375.0
150.0
545.0
130.0
190.0
70.0
35.0
370.0
355.0
375.0
240.0
375.0
185.0
235.0
65.0
435.0
335.0
210.0
380.0
185.0
170.0
100.0
410.0
185.0
80.0
125.0
190.0
445.0
40.0
45.0
60.0
115.0
185.0
200.0
380.0
160.0
75.0
125.0
185.0
105.0
280.0
285.0
140.0
170.0
230.0
180.0
225.0
275.0
215.0
305.0
135.0
330.0
225.0
225.0
375.0
125.0
280.0
250.0
120.0
85.0
85.0
125.0
460.0
235.0
120.0
90.0
155.0
160.0
280.0
175.0
105.0
215.0
300.0
270.0
265.0
355.0
305.0
265.0
285.0
220.0
100.0
145.0
270.0
160.0
230.0
280.0
60.0
80.0
630.0
120.0
280.0
355.0
160.0
210.0
120.0
340.0
260.0
320.0
155.0
360.0
130.0
130.0
265.0
410.0
205.0
130.0
200.0
175.0
175.0
25.0
415.0
205.0
295.0
295.0
440.0
165.0
200.0
65.0
155.0
205.0
75.0
120.0
250.0
30.0
110.0
160.0
145.0
100.0
205.0
125.0
325.0
200.0
45.0
25.0
335.0
65.0
250.0
55.0
220.0
140.0
260.0
5.0
245.0
130.0
135.0
145.0
175.0
120.0
240.0
85.0
85.0
255.0
110.0
105.0
195.0
190.0
200.0
110.0
150.0
175.0
170.0
145.0
145.0
205.0
245.0
70.0
375.0
165.0
40.0
280.0
180.0
10.0
135.0
140.0
285.0
205.0
375.0
175.0
130.0
360.0
275.0
335.0
100.0
260.0
175.0
420.0
15.0
200.0
225.0
125.0
270.0
290.0
195.0
215.0
150.0
125.0
85.0
125.0
125.0
45.0
85.0
270.0
60.0
195.0
125.0
80.0
235.0
210.0
135.0
235.0
135.0
100.0
115.0
335.0
80.0
195.0
185.0
185.0
355.0
585.0
25.0
35.0
160.0
45.0
295.0
130.0
105.0
585.0
460.0
115.0
145.0
330.0
40.0
35.0
115.0
95.0
155.0
135.0
320.0
285.0
395.0
210.0
140.0
165.0
245.0
145.0
55.0
185.0
140.0
220.0
165.0
195.0
270.0
215.0
205.0
200.0
85.0
310.0
135.0
270.0
525.0
230.0
325.0
215.0
375.0
210.0
155.0
215.0
165.0
100.0
445.0
110.0
240.0
280.0
175.0
195.0
255.0
110.0
275.0
235.0
180.0
250.0
150.0
420.0
140.0
285.0
350.0
185.0
45.0
225.0
130.0
80.0
185.0
155.0
165.0
70.0
65.0
170.0
85.0
120.0
240.0
200.0
80.0
225.0
165.0
135.0
250.0
185.0
240.0
170.0
160.0
335.0
65.0
325.0
410.0
185.0
215.0
225.0
50.0
185.0
250.0
60.0
145.0
110.0
185.0
270.0
200.0
75.0
60.0
80.0
20.0
335.0
200.0
595.0
325.0
125.0
130.0
30.0
160.0
305.0
50.0
415.0
140.0
95.0
60.0
285.0
95.0
30.0
290.0
90.0
225.0
105.0
165.0
235.0
210.0
105.0
305.0
50.0
175.0
295.0
260.0
70.0
215.0
205.0
225.0
140.0
360.0
175.0
225.0
295.0
155.0
280.0
160.0
230.0
170.0
175.0
325.0
190.0
290.0
205.0
190.0
145.0
155.0
400.0
365.0
150.0
140.0
215.0
125.0
255.0
185.0
125.0
155.0
160.0
130.0
205.0
340.0
160.0
160.0
175.0
230.0
70.0
145.0
175.0
120.0
395.0
210.0
415.0
135.0
185.0
195.0
35.0
140.0
70.0
140.0
130.0
185.0
330.0
180.0
375.0
180.0
245.0
85.0
35.0
275.0
120.0
95.0
280.0
215.0
175.0
195.0
150.0
165.0
250.0
140.0
95.0
110.0
285.0
210.0
105.0
285.0
215.0
180.0
425.0
395.0
390.0
175.0
210.0
245.0
170.0
230.0
250.0
160.0
205.0
235.0
90.0
435.0
465.0
115.0
265.0
405.0
290.0
205.0
165.0
240.0
130.0
315.0
185.0
125.0
300.0
40.0
190.0
495.0
170.0
65.0
200.0
130.0
175.0
50.0
170.0
385.0
565.0
625.0
45.0
205.0
240.0
200.0
85.0
160.0
225.0
150.0
125.0
150.0
390.0
230.0
240.0
55.0
290.0
330.0
80.0
105.0
255.0
200.0
310.0
230.0
65.0
125.0
35.0
215.0
125.0
15.0
290.0
390.0
105.0
125.0
145.0
100.0
215.0
335.0
30.0
210.0
295.0
150.0
255.0
55.0
335.0
110.0
55.0
200.0
215.0
205.0
230.0
140.0
325.0
170.0
205.0
245.0
150.0
190.0
80.0
125.0
125.0
610.0
115.0
185.0
150.0
100.0
160.0
160.0
175.0
145.0
260.0
200.0
90.0
205.0
135.0
75.0
25.0
245.0
65.0
585.0
50.0
20.0
120.0
70.0
60.0
165.0
150.0
210.0
150.0
330.0
50.0
100.0
210.0
265.0
190.0
310.0
110.0
190.0
145.0
210.0
130.0
255.0
230.0
115.0
175.0
410.0
610.0
140.0
135.0
265.0
80.0
65.0
240.0
295.0
175.0
150.0
260.0
270.0
210.0
130.0
220.0
160.0
180.0
255.0
295.0
20.0
130.0
155.0
365.0
60.0
140.0
190.0
110.0
120.0
670.0
155.0
185.0
150.0
120.0
370.0
85.0
100.0
345.0
155.0
160.0
230.0
190.0
55.0
160.0
55.0
90.0
180.0
150.0
120.0
355.0
120.0
375.0
255.0
235.0
160.0
125.0
230.0
105.0
125.0
140.0
100.0
175.0
175.0
70.0
160.0
440.0
230.0
170.0
80.0
385.0
135.0
175.0
415.0
40.0
155.0
120.0
715.0
220.0
100.0
55.0
415.0
180.0
145.0
390.0
120.0
290.0
485.0
260.0
255.0
150.0
215.0
115.0
370.0
130.0
195.0
170.0
145.0
130.0
140.0
90.0
190.0
125.0
365.0
195.0
100.0
