160.0
105.0
155.0
135.0
180.0
120.0
105.0
105.0
380.0
135.0
210.0
155.0
105.0
180.0
180.0
180.0
105.0
155.0
210.0
210.0
105.0
105.0
105.0
260.0
290.0
105.0
30.0
50.0
155.0
210.0
105.0
105.0
75.0
155.0
75.0
5.0
185.0
75.0
105.0
75.0
75.0
60.0
155.0
80.0
355.0
105.0
345.0
130.0
305.0
140.0
320.0
75.0
185.0
105.0
65.0
20.0
130.0
35.0
80.0
225.0
110.0
155.0
635.0
200.0
110.0
85.0
280.0
105.0
150.0
75.0
35.0
85.0
195.0
55.0
130.0
110.0
210.0
105.0
50.0
180.0
160.0
155.0
95.0
75.0
240.0
105.0
50.0
405.0
175.0
595.0
75.0
155.0
190.0
180.0
515.0
45.0
85.0
105.0
165.0
105.0
750.0
225.0
110.0
105.0
215.0
170.0
260.0
180.0
210.0
215.0
50.0
50.0
40.0
165.0
40.0
30.0
190.0
120.0
330.0
210.0
215.0
440.0
135.0
130.0
315.0
120.0
110.0
155.0
80.0
185.0
150.0
180.0
55.0
395.0
35.0
40.0
75.0
85.0
125.0
260.0
165.0
240.0
60.0
185.0
70.0
335.0
125.0
5.0
10.0
75.0
100.0
380.0
190.0
400.0
40.0
360.0
35.0
145.0
65.0
225.0
120.0
60.0
160.0
70.0
160.0
200.0
190.0
105.0
445.0
115.0
45.0
235.0
15.0
95.0
50.0
80.0
490.0
50.0
270.0
65.0
80.0
80.0
60.0
445.0
155.0
185.0
335.0
160.0
40.0
25.0
65.0
90.0
255.0
50.0
210.0
210.0
25.0
80.0
620.0
50.0
80.0
110.0
265.0
50.0
55.0
110.0
65.0
370.0
85.0
45.0
50.0
30.0
55.0
105.0
510.0
75.0
125.0
145.0
100.0
45.0
315.0
200.0
380.0
140.0
175.0
180.0
45.0
325.0
145.0
55.0
195.0
295.0
590.0
325.0
250.0
125.0
55.0
80.0
295.0
140.0
165.0
230.0
450.0
40.0
280.0
145.0
30.0
90.0
280.0
95.0
105.0
185.0
85.0
225.0
125.0
65.0
390.0
90.0
370.0
65.0
615.0
195.0
315.0
200.0
150.0
100.0
345.0
25.0
100.0
45.0
120.0
50.0
55.0
335.0
125.0
35.0
110.0
50.0
120.0
75.0
225.0
40.0
60.0
45.0
120.0
85.0
45.0
130.0
230.0
230.0
190.0
310.0
125.0
75.0
145.0
105.0
380.0
485.0
70.0
135.0
100.0
60.0
55.0
105.0
325.0
175.0
240.0
35.0
170.0
155.0
105.0
605.0
65.0
120.0
85.0
95.0
80.0
45.0
390.0
235.0
130.0
80.0
225.0
55.0
105.0
140.0
215.0
415.0
305.0
125.0
245.0
120.0
120.0
65.0
150.0
525.0
105.0
120.0
70.0
210.0
345.0
145.0
125.0
270.0
110.0
90.0
250.0
125.0
210.0
135.0
105.0
45.0
30.0
215.0
85.0
45.0
190.0
135.0
60.0
145.0
35.0
250.0
180.0
120.0
155.0
140.0
200.0
170.0
130.0
180.0
50.0
165.0
380.0
390.0
135.0
170.0
165.0
120.0
55.0
395.0
190.0
90.0
350.0
35.0
120.0
505.0
185.0
120.0
75.0
200.0
120.0
215.0
320.0
20.0
45.0
140.0
455.0
45.0
75.0
345.0
115.0
125.0
85.0
280.0
60.0
225.0
130.0
35.0
90.0
655.0
145.0
135.0
200.0
195.0
290.0
385.0
125.0
330.0
375.0
135.0
50.0
165.0
330.0
85.0
125.0
95.0
330.0
465.0
65.0
565.0
480.0
70.0
75.0
105.0
220.0
25.0
45.0
5.0
245.0
190.0
320.0
135.0
255.0
60.0
15.0
65.0
125.0
65.0
240.0
110.0
160.0
240.0
50.0
410.0
65.0
85.0
525.0
100.0
570.0
75.0
110.0
515.0
170.0
275.0
335.0
105.0
305.0
110.0
315.0
240.0
210.0
65.0
95.0
70.0
505.0
65.0
210.0
155.0
160.0
105.0
210.0
105.0
50.0
185.0
140.0
210.0
225.0
355.0
100.0
105.0
155.0
460.0
75.0
185.0
180.0
110.0
210.0
105.0
80.0
195.0
210.0
210.0
210.0
470.0
180.0
210.0
210.0
180.0
210.0
155.0
180.0
210.0
180.0
180.0
255.0
180.0
75.0
210.0
210.0
180.0
300.0
190.0
210.0
100.0
315.0
155.0
240.0
335.0
230.0
215.0
260.0
210.0
210.0
210.0
210.0
210.0
285.0
135.0
105.0
180.0
180.0
210.0
180.0
210.0
210.0
155.0
645.0
210.0
210.0
180.0
180.0
180.0
180.0
180.0
210.0
260.0
180.0
210.0
180.0
210.0
210.0
260.0
180.0
210.0
210.0
210.0
180.0
155.0
210.0
210.0
180.0
180.0
180.0
210.0
160.0
410.0
155.0
160.0
510.0
180.0
155.0
270.0
210.0
240.0
185.0
210.0
180.0
210.0
180.0
165.0
180.0
180.0
410.0
180.0
180.0
210.0
180.0
105.0
160.0
105.0
105.0
155.0
135.0
210.0
180.0
135.0
105.0
105.0
105.0
380.0
165.0
105.0
460.0
180.0
105.0
105.0
105.0
105.0
105.0
355.0
155.0
135.0
105.0
355.0
50.0
105.0
180.0
105.0
135.0
135.0
160.0
120.0
210.0
410.0
50.0
210.0
180.0
210.0
210.0
155.0
105.0
410.0
380.0
380.0
180.0
105.0
105.0
180.0
155.0
135.0
75.0
380.0
105.0
180.0
180.0
590.0
355.0
180.0
135.0
300.0
380.0
105.0
50.0
105.0
180.0
180.0
180.0
210.0
180.0
105.0
120.0
210.0
105.0
75.0
135.0
105.0
105.0
105.0
105.0
105.0
15.0
210.0
595.0
210.0
470.0
180.0
180.0
185.0
500.0
380.0
105.0
210.0
155.0
355.0
285.0
355.0
210.0
310.0
105.0
210.0
155.0
325.0
210.0
185.0
155.0
105.0
105.0
105.0
50.0
180.0
135.0
410.0
105.0
105.0
180.0
105.0
105.0
105.0
105.0
75.0
150.0
105.0
180.0
410.0
180.0
105.0
410.0
155.0
355.0
180.0
135.0
180.0
180.0
135.0
180.0
135.0
135.0
135.0
155.0
180.0
180.0
180.0
180.0
180.0
120.0
210.0
180.0
180.0
180.0
135.0
180.0
180.0
180.0
180.0
180.0
180.0
180.0
180.0
180.0
180.0
180.0
180.0
180.0
180.0
180.0
180.0
180.0
180.0
180.0
180.0
135.0
140.0
180.0
180.0
180.0
180.0
180.0
180.0
180.0
180.0
180.0
135.0
180.0
180.0
180.0
210.0
180.0
180.0
180.0
180.0
180.0
180.0
180.0
180.0
180.0
180.0
210.0
180.0
180.0
135.0
180.0
180.0
355.0
180.0
180.0
180.0
180.0
410.0
180.0
180.0
180.0
180.0
135.0
180.0
180.0
135.0
180.0
135.0
180.0
135.0
180.0
180.0
180.0
180.0
180.0
210.0
180.0
180.0
180.0
180.0
210.0
180.0
180.0
180.0
180.0
410.0
180.0
180.0
180.0
180.0
180.0
180.0
180.0
180.0
410.0
105.0
180.0
180.0
180.0
180.0
180.0
410.0
180.0
210.0
180.0
180.0
180.0
180.0
180.0
180.0
180.0
180.0
180.0
180.0
180.0
135.0
180.0
180.0
180.0
180.0
180.0
180.0
180.0
180.0
180.0
180.0
180.0
180.0
180.0
180.0
135.0
135.0
180.0
180.0
180.0
180.0
135.0
180.0
180.0
180.0
180.0
180.0
180.0
180.0
135.0
180.0
135.0
180.0
180.0
135.0
180.0
180.0
180.0
135.0
210.0
180.0
180.0
180.0
180.0
180.0
180.0
180.0
180.0
210.0
180.0
180.0
180.0
180.0
180.0
180.0
180.0
180.0
135.0
180.0
180.0
180.0
180.0
180.0
135.0
180.0
180.0
180.0
180.0
180.0
180.0
180.0
180.0
180.0
180.0
180.0
180.0
210.0
180.0
180.0
180.0
210.0
410.0
180.0
180.0
180.0
180.0
180.0
180.0
155.0
180.0
180.0
180.0
180.0
180.0
180.0
180.0
135.0
180.0
180.0
180.0
180.0
180.0
180.0
180.0
180.0
180.0
180.0
180.0
180.0
180.0
180.0
180.0
180.0
135.0
180.0
180.0
180.0
135.0
180.0
180.0
135.0
180.0
180.0
180.0
180.0
180.0
180.0
180.0
135.0
180.0
135.0
355.0
180.0
180.0
180.0
180.0
180.0
180.0
135.0
180.0
180.0
180.0
410.0
180.0
180.0
180.0
180.0
180.0
180.0
180.0
180.0
155.0
180.0
180.0
180.0
210.0
410.0
180.0
180.0
180.0
180.0
180.0
210.0
180.0
180.0
180.0
180.0
180.0
180.0
180.0
135.0
180.0
180.0
180.0
180.0
135.0
180.0
180.0
180.0
105.0
180.0
355.0
180.0
180.0
180.0
180.0
180.0
180.0
180.0
180.0
410.0
210.0
180.0
180.0
180.0
180.0
180.0
180.0
135.0
135.0
180.0
180.0
180.0
