9.10240851226e-08
7.17314181194
6.85992726319
7.57774825894
6.40853267092
6.40570346827
7.25820932387
6.5765446142
6.21884898179
5.88392853246
6.56005273414
5.67971042136
5.81109984546
6.30497018071
5.99406251502
5.65081144105
8.05118451668
8.13715889437
7.72554362955
6.68425072506
7.02069543453
7.31949808772
6.61495743459
6.56500090186
7.26765325161
7.09886671066
9.67312115413
8.98811856094
8.5687178975
7.66294590488
8.11662659716
8.28753503076
7.4115906583
8.26887594289
8.05155886221
7.57789508644
9.97323335394
8.56732908499
8.623721298
8.68190715063
9.31986894896
8.62295277911
8.74693922259
8.16811773162
8.7316949424
8.88467265571
9.34541042348
9.96544072668
8.64242217474
9.25359987735
8.44264489478
8.56295877465
8.4315245465
8.75693355836
7.97657822329
8.77532497709
8.67405357359
9.69509461609
9.0070331555
8.4224697886
8.64118819782
9.18701220994
8.79351084597
8.44353713337
8.98791302504
8.66570335773
9.22730520526
9.84127005479
9.06766718562
9.12412617979
9.49938682941
8.3434406926
9.92390314494
9.05001903265
8.364179474
9.2378988507
10.0533414376
9.9258776296
9.89792399611
9.16929348537
9.24697744164
9.69058850844
8.34475988722
9.01321105363
10.1792522794
9.07483330363
9.93248908415
9.30719671759
8.93498914509
9.39178850184
9.37414593756
9.73092822902
9.08218493815
9.65095766877
9.54683824635
9.61306612464
9.81029609593
10.4265491327
9.90359275973
9.8212833149
10.1745916817
9.24853269104
9.49178380902
10.1106162219
10.4326817023
10.256320987
10.0988299093
8.85363835639
9.30739862405
9.64065735874
9.72024613152
10.946706027
9.12415552042
9.84572952356
9.69476112112
9.15866909582
10.004127269
9.96736717911
9.83165320714
9.61782532169
11.2428791888
10.5771979884
10.1363924463
10.2454292391
10.4912769664
10.4064495617
10.9582143501
10.67845337
9.23713849937
9.32480481924
9.40077215634
9.76513210958
10.5192555702
9.93079629605
9.65842650182
9.34518578848
9.9314979004
9.72053044318
11.2958545955
10.1463742144
9.77841952686
10.4966243378
10.8556863702
9.31594945964
9.78700465598
9.97330101977
10.4054941628
9.39579014915
10.2190796774
9.6890396695
10.7462854447
11.1615573993
8.96364554956
10.3005725039
10.3093757953
10.2157105404
10.9657287605
10.6371837097
10.3627697159
10.4004857389
10.2251665943
9.83697486281
10.1714856429
10.0649490817
10.8823099606
10.4420450179
11.1236581511
10.0017187211
10.6430938171
11.4354166398
10.5876715236
10.0168131112
9.68044424285
9.66091244616
10.3089336997
11.2135762755
11.0160911852
11.8319313776
11.3761209266
9.82637645432
10.4983622195
10.9390335153
10.3216044396
11.0686490623
11.6148486401
10.4443954558
10.90849987
10.8361201801
11.3558565609
10.164667831
11.4513983671
11.0676410914
10.6048051748
10.9875009939
11.1841852811
11.2519922277
10.9756894612
10.7263144576
11.2303034391
10.1255235116
11.2702748402
11.8719430144
10.5430761576
11.3878981452
10.8636402438
11.010165472
10.7095845527
11.7804787744
11.2523861112
11.5503635719
10.9918105499
10.9595049523
10.8354963189
12.0526882181
11.4641926507
10.8091750183
11.4025917742
11.4674629729
10.7105185151
11.1065066386
11.9094781615
11.5973868729
11.1868249042
11.9743459829
11.3822267674
11.4888096745
11.3168786834
11.8101190129
11.3865697271
12.4188110519
11.4945190841
12.0617695093
11.3987566557
11.8149628359
11.0647304066
10.7439791642
11.6668299672
12.1320588977
12.9321468096
11.4620882811
11.3970019475
11.9418104335
11.7857373068
11.9308095959
11.5614268373
11.0349360401
10.8274821347
10.781617176
11.203604229
12.1738630643
11.7038594066
11.5296782249
11.3352396534
10.7818650896
10.8356308378
12.2391146414
11.7899370518
11.5843287495
11.0639490956
11.143088091
11.4105919974
12.187763632
10.9412641041
11.8076404625
10.8485283055
12.3215874812
10.5889860805
12.6641844136
11.4249772523
10.2365198524
11.9233981208
11.3981207075
11.3856278185
12.6579081236
11.5371795268
11.399730184
11.6447324992
11.8092339754
12.0863162432
11.2717087348
10.928708216
11.8241475485
12.0716346954
11.5054438494
11.2080631785
11.9625566488
12.6982542636
11.8661396361
11.7278763008
11.6845548818
11.2702724297
11.9076770402
11.8034514659
11.740282358
11.1822955942
11.6055936569
11.5187051772
11.7764672813
11.6166248299
11.2799562177
11.0837244859
11.7052807035
10.8608926893
11.7614949235
10.9545025665
11.3284957932
11.3787660352
11.7167835354
12.3966419465
12.4326066466
10.9651065687
11.7211648792
11.4498998873
11.9781787605
11.5772721927
11.4120484646
13.5202155696
12.4143658772
11.5168362147
12.2067426587
12.438045835
11.6595902739
12.1259938257
11.7270766381
11.3973826628
12.0500435596
13.0953838385
12.8361525132
13.2443515126
12.7565255398
12.0251643519
12.6301623732
13.0210342126
11.9155712128
12.7021031476
11.7396641807
12.958512897
12.351182507
11.8653768232
11.6172342298
12.1426968134
12.4322119143
11.9277428967
12.0127842689
13.1149192674
12.8957877726
12.3227480287
12.9897047608
12.3074084769
12.0288254376
13.5255189704
11.9384142912
12.847335826
13.2129276382
12.5674100728
13.6305872568
11.6970233128
13.0879378897
13.942608408
12.9958285216
12.6338235174
13.0537678351
12.3094822137
12.1343033149
13.0030090572
12.8603781812
12.1491687101
12.8575989156
12.4449726077
13.1733155308
13.011711599
12.5416634889
12.7373648456
12.900123499
11.7254218597
12.2030476452
14.1909751766
13.3172671962
12.7546226383
13.0493761656
13.0290990851
12.747569726
13.5537166041
13.5815831935
13.7317638122
12.5906288487
12.6743706962
13.1398245486
13.2302248672
13.6554742956
12.6341469751
13.218738483
14.3448099567
13.5459294702
12.7557658414
12.673941421
13.423959921
12.7213270633
13.9216480681
13.6818840538
13.3496267657
14.330661657
13.2790930872
13.8653769942
12.281388539
13.765795275
12.8744443645
13.0554647119
14.6334874925
13.9749899157
13.7183509982
13.4627430325
14.1195530855
14.5293509875
12.8818120198
13.4224173146
14.0429096143
12.7945200792
12.6736184496
13.7621280749
13.8593538651
14.1887779217
13.4207851599
14.7897584209
13.3573164987
13.9484735173
14.2098032607
13.3998687533
13.7096914447
13.6001569799
13.2526320534
14.6953209484
14.946707262
13.2250411031
13.3853165319
13.8587846658
13.6619016586
14.1981115153
14.3568206046
13.9234048131
13.517310209
13.7440448606
15.4928654432
14.1622542974
13.9673129171
14.7689168488
14.5662493448
15.0844298401
14.5153559207
13.8009687133
14.3734841911
14.2429787182
13.4773475165
14.2037228902
14.6337431221
14.5114963533
13.9374526597
14.9493147841
14.7190719631
14.8434632595
13.7935728881
14.5534390383
14.1593861346
15.0440342776
14.185894426
14.2202794027
14.7874239837
14.5550933146
14.1642916117
14.7300682066
14.2962784378
14.7188461677
13.8396916475
13.8776501818
14.145583517
13.7824042501
14.4127346834
13.7147824941
13.6006627167
13.803251097
13.9337013439
14.2990848176
14.1389872781
14.7464467351
13.9291144249
14.6342415583
14.6785758865
14.198712444
15.4100231727
14.3741337031
13.7960750223
13.9195223458
13.7235983183
13.9449754924
13.953144118
14.3429234111
14.3297832833
14.044255433
14.4966292579
14.4477184491
14.9282109603
15.9609670819
15.1315274515
13.8670081828
15.2185137084
14.3672477063
14.7293028649
14.7689859985
14.3618244389
13.8139903876
15.3275378834
15.8309408582
13.8819549954
14.2581123058
14.7181867859
14.8154715768
15.3981398222
15.0609349745
15.2780949788
14.5103407265
15.8082700921
14.6712619257
15.4983533174
15.5895102913
14.4240467112
14.425115211
14.277624652
15.1411182128
15.0480318659
15.9019003556
15.6047239465
14.3246090783
14.5124688257
15.6848613138
13.9221207352
14.7190255833
14.7987513821
15.4710415851
16.0877252975
14.9315827789
15.2034224387
15.4412923903
15.0334678953
14.933909104
14.8912430969
15.0601434762
14.4701883037
15.5503618979
15.3863187405
15.2948136836
14.674040314
14.0471102239
15.6774293114
15.3557402852
15.3701398499
14.9188901547
14.1473722537
15.4588448806
14.1460039201
15.7120758796
15.5430459975
15.3525920503
14.4299429696
15.1579745987
15.4543457304
14.2517418301
15.2361724457
15.1120355228
15.3039181859
15.9652200475
16.5177662587
15.4644045594
16.2662716492
15.1770847958
15.5072693198
15.0240498695
16.2783871373
15.7729092344
15.1999853353
14.9673271349
16.0695759484
15.1873490556
16.5106339315
15.2489940155
15.3209639412
15.1106910486
15.8894430187
15.1494229808
16.2241575017
15.8583535267
16.6219827962
16.1361941824
15.9174914668
15.9545894797
15.8427459438
15.3082106013
14.5353092058
14.9175815085
15.5023430996
15.0558304589
15.13778551
15.8395250732
16.0591741707
15.8874689725
15.4674343879
15.4577820556
15.4218597128
14.944562979
16.4706838807
16.2683763419
15.5939421476
15.0209673377
15.0913822951
15.7583488733
14.7019088852
15.8330667648
15.8633075712
15.5605875481
14.8823284435
15.4486461075
14.9275178302
15.6914991808
15.0661405227
16.0176159286
14.7511469845
15.2950092747
14.9463867557
15.8094617648
16.6015342824
15.8321953678
15.9508705317
16.0767286581
16.4673802487
16.5037669873
16.2895209959
15.7318146131
14.8623767764
16.3690679773
15.2880055649
15.7590446413
15.9839851979
15.650935035
17.2652365984
16.6271975604
16.0910168664
16.6672474817
15.9617954711
16.6645391363
16.3414035784
15.7004930492
16.5733165776
16.9083527146
15.9138487648
16.7896730552
16.5048683582
16.5768772016
15.7297718962
16.2068877758
16.0047867187
15.8769475749
15.8534016057
16.0158518958
17.0333759783
15.5825128304
16.0551489888
15.8717985588
15.6265321652
15.9571022645
15.9326832963
16.4728849468
16.3604712301
16.3400664024
16.9658659895
16.1467527746
16.7557971381
16.6231037159
15.6845808847
15.9917322859
16.8622429831
16.7541961483
16.2969317594
16.0337493206
18.7414799092
16.7396083019
16.4335700682
16.650193542
16.4157795255
15.541202554
16.7656763397
16.0524325691
15.5526133726
17.2130203252
16.8246593183
16.6349484926
18.5992923378
16.0950692586
16.4095599066
17.4721877759
17.1906934732
16.9042443396
17.6226887673
16.6205250201
16.8588493855
16.9976704849
16.6364137357
16.2985293845
16.6437778241
18.066014045
17.1569458973
18.1907162132
16.9792574978
16.8808611141
18.1319124651
18.1750267569
17.6103002481
17.7179333783
16.7779310843
17.5201871068
18.1766411545
17.7354669815
18.579998158
17.0371448139
18.7502937067
17.5454571095
17.9940396339
17.7326776
17.5668076502
17.053815913
17.4551381259
16.7046956879
17.6374568025
17.877358868
17.6702362487
18.0649668885
17.7888221501
17.0375235682
16.9998213894
16.7888201528
18.1809643829
18.1160309837
17.7699920057
18.5201007551
18.5686933166
17.7098051221
18.6023450688
16.552290664
17.8122047755
17.2197700738
18.0752529049
17.6600683572
17.8501823906
17.6883623321
17.8726902181
18.7163189118
18.6194486728
17.7774005872
16.9238357866
17.8561490512
17.9043756633
16.887691632
17.9872694632
17.1324986515
18.225148546
18.5786496711
18.6094894551
18.1322654634
18.2411212696
18.6819868817
17.6330125371
17.8721314156
19.174565078
19.2873325286
17.6816689903
17.7332419287
17.8609771081
18.7526190425
18.537519812
18.5210034982
19.4694528507
17.9065456486
19.0498836975
19.7219581368
18.8009061601
18.3361200056
18.0172673479
18.5943552123
19.1816095327
18.2489033154
19.4463084239
19.3055724916
19.08645749
18.7855790071
18.6366009494
19.6115099644
18.7896289033
18.8940259778
17.8955226606
18.9005934917
19.6900288397
18.9462430873
18.5604745238
17.9937292622
19.3738500354
18.2323588063
18.9651781775
17.9502578559
18.2049391427
18.6140145267
18.6547344503
17.6310278413
19.1062631905
19.5021225138
18.6445385553
19.4364013641
19.0169495348
18.8061236285
18.2717529838
20.1527074808
18.664117802
19.6080847323
20.6722913013
19.0415547651
19.1851489701
18.6731549083
18.4139767327
18.5964201851
19.4347274525
19.2612528403
19.8658242029
19.540965742
20.7089561744
18.9104714468
20.1712158705
19.1898281617
19.2002701206
19.22527501
19.5592841518
20.1162647928
19.863756507
19.9302225584
20.0689270592
20.9538606633
19.7984651582
19.3010573715
19.3224597362
19.3542436568
19.4856412975
20.4314916643
20.9301238682
18.6637683182
19.5215185406
20.1804367626
19.3251378255
19.662472209
18.9070995072
20.1307513747
18.2298222442
19.7845249512
19.631847065
19.4678455417
18.6174335865
20.559088957
19.8379803681
19.4346905097
19.5060914127
19.9743924248
19.9292023163
19.5602331331
19.5667812095
19.9155144068
19.3303791535
19.1434940519
19.6883102224
18.9278886921
21.5757707741
18.9881057137
18.6681543387
18.7479128797
19.2099094048
19.1015550742
20.3138357148
19.3455227702
18.9755547882
19.9316298591
19.0927375078
18.4503240978
19.9858568335
18.7239792109
19.2901214947
18.9999038608
19.6580458989
19.1432755207
19.2701643418
21.6614710829
20.2161038001
20.0001089697
19.1537323474
19.9157170436
20.0433317052
19.7204036312
19.9196283649
19.9758601418
20.6847114165
20.1149096177
18.6527236348
18.9703143953
19.5138288778
20.316959424
19.2868889593
20.3586454393
19.888196125
19.8765535045
19.5877430347
20.2121526481
19.8223079425
20.0964435495
19.7780127223
19.1560532684
20.2297520489
19.6666545303
19.1071051867
20.9269005232
20.9179022181
20.0475749894
20.7535960702
20.9316712147
18.8778966949
19.9310824857
20.0531611495
19.3065807085
21.2289847046
20.6365164919
21.3125921071
21.0590657797
20.1683651153
19.385626982
19.2912531178
20.5010724056
19.645345037
20.5401430198
20.3726258218
19.3450495195
20.2468313714
20.1207821234
19.839515079
19.3449885635
19.3518587449
20.8723878467
20.0944005047
20.3285227232
20.0457188857
20.5389630737
21.4071059322
20.9854867294
20.0276755509
21.3307506965
19.8216982192
19.6995516124
19.6781172593
20.5032204773
20.0972365267
19.8604715066
19.4165214851
20.3168120639
20.1699418705
20.2144035232
19.9077608838
19.3406101494
20.1550679303
20.3165886687
20.8149526978
19.9579639604
20.2943808553
21.0842179317
20.4413248712
20.0275653098
19.4620491337
20.0820321157
20.2361003155
19.4149633721
20.0163468313
20.3462573979
20.1448100047
19.1000178258
20.9009465936
20.318118293
19.8565289525
20.4520270326
19.251386797
19.9207079295
20.7369964823
19.8094738053
19.6941761565
20.5712599702
21.4132445265
19.5945403421
19.2722829164
19.5134912701
19.9646430364
19.507025062
19.6961552572
20.72704954
21.4835699534
18.9189002365
20.6128277314
19.8102767731
18.4386668783
19.1069818891
19.8481703002
20.3027785197
20.2957559519
20.3435373827
19.6335979373
19.8930956122
21.1049234173
19.2270337031
18.476979302
18.338351841
19.4070046918
20.3831038624
20.0533554684
19.5209356526
19.2565456808
19.1603192755
19.3471015606
19.4036695874
18.7745700569
19.5998860712
20.5639959111
19.3546980808
20.5393044579
19.0705805871
20.0590120459
21.2468361876
19.6467258054
19.3630355198
18.8727933472
19.8028950925
21.1337442727
19.7790316312
19.8472853143
20.2329449569
20.0861433713
20.1654866184
19.7127927659
19.7620820057
18.7314700365
18.9072614282
20.20760649
20.1828496654
19.7953808582
19.1430931433
20.1483748167
19.4317319516
20.3870977453
20.4027148528
20.0666031454
19.1470642413
19.4767295009
20.4004149864
19.7691735594
20.2810502564
20.3517149448
20.7603589686
21.5300130342
19.2906812881
20.3075020034
18.873018096
19.6642830737
19.7174815599
20.9779436704
19.6380013974
20.0104544983
18.8667276626
20.369278493
19.3679261234
18.6199359225
19.0416777886
19.7080368657
20.1294183864
19.8685616347
19.5852485186
19.6358337409
18.9520506529
19.9843806195
19.6087026538
19.5281733064
20.1409614033
19.0636360315
20.2210938621
20.4593398616
19.68227075
20.2352203648
20.0018434234
19.2848917795
19.5370569468
18.0910871994
19.5481123358
19.7557830713
19.7724980072
19.0769882092
20.017851902
19.2602961558
19.7943156145
19.6809852618
20.3703573551
17.8002160183
18.8963671697
19.4380398451
19.8032399237
19.4063366801
20.2476951051
20.5408759916
19.5622170532
19.3050648813
20.3095978369
18.2989628216
19.4061065037
20.2250161192
19.2279953063
19.9318096648
19.1205513327
20.0877111851
20.1222048169
19.485706316
19.9327159176
17.9993029619
18.8449168502
18.6492139001
19.4815080427
20.6000270183
19.4701763101
20.0008033237
20.7170253432
18.9681976714
18.5658369669
18.569321358
18.6941582274
19.0389752729
20.3860880697
18.7601651208
18.862311358
19.5759034412
20.8865001237
19.18335233
19.5561030445
18.1022109369
18.8830448211
18.0988267015
18.82818286
20.702012638
19.7178524212
18.8884011035
19.4996132839
19.5919696838
18.9737776904
19.0911690954
18.666939947
19.0815039709
18.5743719854
19.1634607406
18.9561311876
19.2326579255
19.8193328992
19.5460356921
18.6689458661
18.6035190005
18.1932040505
18.1096333213
18.1381730304
18.9435666854
19.6973307809
19.1497500274
18.7307867993
19.6938510416
19.2618964596
17.8601303824
18.0929595633
18.9758899596
18.1430680671
19.612578475
18.8983637012
18.0860537004
18.4760308617
18.2907231903
18.7527266709
16.8067806444
17.6977417407
18.6231793911
18.557411953
19.0806739932
18.6542536285
17.9197317102
19.7883088305
19.041330541
18.5919990221
18.2267046713
17.6664152585
18.7354360883
18.7270573983
18.3039401642
17.8075947259
17.6670757635
18.083165961
18.8739348251
18.33210522
17.55965597
18.6224624711
18.7153245568
19.1729863429
19.0233700813
18.9038409232
18.4214636296
18.7173141468
18.3027141389
18.102484785
18.5118730254
18.3169579308
17.8914583452
18.2150007691
17.4594839081
18.0645677412
18.0334210341
18.0415175352
19.0203160597
18.314697574
17.3149918895
18.6834177774
18.1026851809
19.5937720232
17.3467060993
19.204136129
18.0115185764
18.3924655164
18.4176215224
17.612285152
16.8809587049
18.1259665741
17.7517088714
18.6161018142
17.933299822
17.9246493168
17.9805636616
17.7942723743
18.0771924787
18.1697962121
17.9891058948
17.7147936113
18.760184167
18.888408519
18.0150999534
18.5226681194
18.1385319412
17.6301350948
18.3971828139
18.6762566965
16.7790787221
17.7694337532
17.5373654408
18.5791475762
17.2409221278
18.3319066441
18.2389149753
18.2999249958
17.8970026442
18.3191426363
17.7810440303
18.1949445843
17.917814383
18.1645439668
18.0646691898
17.5247239815
17.817297359
17.7155371276
17.4618767823
18.6284461999
16.1320372548
17.3528376938
17.2869378337
18.1645532001
17.7739595259
18.4280940205
18.4020741955
16.9013906631
17.3885330366
17.4383843819
16.7601296589
18.467895975
17.4824970827
17.926743912
17.7705425119
18.1891274142
18.1753102288
18.33684624
18.2245908629
17.2723500595
17.7462033443
17.5844449601
17.4289612702
18.0919232
