0.00100131380558
0.644818981571
0.55455155254
0.482088985894
0.416602326623
0.367770991346
0.478830452841
0.415309996292
0.361439210963
0.352790081095
0.343316845294
0.342012895063
0.349132502779
0.321958508562
0.335532759657
0.342658116451
0.476790187594
0.45548681945
0.400697933
0.376816013642
0.392631106453
0.363604090728
0.367809185939
0.350057516061
0.36184973783
0.337054605193
0.523248994447
0.478767912846
0.441697087139
0.415904826093
0.415288284704
0.414780643284
0.387047098655
0.421122643914
0.396584126603
0.370486523822
0.588310096763
0.54240059457
0.489375167936
0.4893395022
0.481534964472
0.46465814314
0.463964574941
0.466479974292
0.461419310801
0.444055057526
0.620685279272
0.535009505063
0.539155855753
0.50209714219
0.488207529455
0.516275187626
0.502240970552
0.485186205477
0.471952784233
0.473320153318
0.590791428104
0.556640587039
0.566839717552
0.555438444652
0.529934471592
0.543262735575
0.521031062551
0.523082174651
0.51070625186
0.50818031355
0.658999502212
0.622844798118
0.60800831297
0.591919066288
0.566877975412
0.563122872166
0.546983473495
0.545253088854
0.546091943465
0.536859870456
0.680317822456
0.647894238383
0.634265395731
0.614688790172
0.587179355845
0.587711694032
0.584351871125
0.588222325474
0.573822902247
0.58347011514
0.703390256077
0.674231691852
0.657257090151
0.639665793344
0.620507199109
0.613970630832
0.628638680801
0.609144609034
0.615016609922
0.5993593238
0.767666729331
0.757034835368
0.73835165225
0.676703778163
0.675493639424
0.691004082456
0.693927755751
0.657845889196
0.639303098425
0.637691162139
0.822607556745
0.798652914345
0.753166162312
0.756629638329
0.744207831874
0.75173833321
0.725514175728
0.714787514634
0.700721689031
0.710105019256
0.870295697227
0.779939432666
0.810885012388
0.810599541187
0.767303032562
0.772092715412
0.774091163114
0.763590360306
0.751356689781
0.730404135659
0.841542979479
0.83093638663
0.799418642431
0.800027867794
0.775008829236
0.763759315699
0.758976919517
0.765601842284
0.741371555701
0.735067614928
0.923800122052
0.895984150395
0.878755531356
0.844172143891
0.871454897597
0.841391719311
0.8530194702
0.819121393383
0.803733011916
0.815282917321
0.945721058667
0.93147496891
0.92205612807
0.891033220455
0.869184783056
0.846814432099
0.884847377598
0.870587349012
0.84797097148
0.856711278349
1.03564859727
1.02965573616
1.01208188841
0.968589649662
0.956408442423
0.951189420938
0.923692849144
0.928187117726
0.932988592654
0.935081084073
1.10308306485
1.10259897554
1.04786802149
1.05899720675
1.05042723894
1.01122786868
0.989286095023
1.01496514919
1.01707007495
0.987992635161
1.17951171312
1.15302452636
1.10744133787
1.120841304
1.11682751805
1.09173642468
1.0880966146
1.06970692894
1.04782455395
1.06743503666
1.18378619573
1.18151235402
1.17100762692
1.13710081315
1.14242546716
1.14989873743
1.1348165953
1.09570090041
1.09986755371
1.08178726235
1.23883872849
1.25714544687
1.21619092602
1.19003237709
1.22493995395
1.18789122781
1.16703225631
1.15508194995
1.15098416921
1.16648800731
1.32161134362
1.31903326431
1.28628831625
1.3071432578
1.25897496745
1.27794218707
1.22502842256
1.21844587764
1.23792352167
1.21097573203
1.38822639991
1.35778497398
1.42938908178
1.37828450254
1.3537719329
1.29392603403
1.3282304635
1.29895949975
1.30514814907
1.29113114941
1.44740385169
1.45158359948
1.42257823543
1.39980247524
1.4314386161
1.422995386
1.33490712015
1.38666752955
1.31276138827
1.35743546358
1.44903745586
1.47224047422
1.44989334533
1.4496025919
1.45356732836
1.44970071214
1.40239548507
1.42057792315
1.37027339527
1.39941241744
1.47144197705
1.48949964491
1.45606374097
1.45573769522
1.47910143363
1.40306657997
1.44945458055
1.45270610332
1.41961737254
1.40237124825
1.49885484394
1.54927778596
1.55324794436
1.55413750288
1.51126263073
1.51044620526
1.51707787323
1.51699745193
1.48081080747
1.46598707604
1.52303062779
1.54278491244
1.55959506494
1.539949204
1.54564990926
1.58349830914
1.55586958289
1.49888476038
1.45219375798
1.55985106853
1.58016096792
1.68795039952
1.67946191466
1.64565908191
1.63753296626
1.60081933594
1.64648724473
1.59201483679
1.63473245496
1.55448901087
1.61256952447
1.71696975029
1.70094760329
1.68582370046
1.63543621963
1.62680340961
1.5838047272
1.61267056572
1.63131054434
1.5792933231
1.72093271476
1.72503011659
1.72916738731
1.66659977001
1.68953342354
1.64407630849
1.66482269374
1.67878182441
1.62894408569
1.69513887468
1.7324181385
1.78161600348
1.76646596524
1.80504303783
1.65596354452
1.76160814786
1.73196821475
1.7386378147
1.71039940172
1.71409425873
1.85109870622
1.83632169297
1.81155478799
1.74524320406
1.86255431759
1.79566191387
1.79138429675
1.75120288366
1.80449782959
1.7383573195
1.80507814431
1.86368671298
1.84058183265
1.82814820054
1.71309295869
1.77169305569
1.81325172976
1.72996285483
1.80851824853
1.70453124514
1.86515375364
1.87037901184
1.84864477035
1.8096956518
1.94610353005
1.83921109864
1.92210849789
1.85171144831
1.82426492646
1.8755091275
1.90526448444
1.92429744324
1.88996323285
1.91467816955
1.95272446495
1.98301928908
1.89353236756
1.96982936096
1.90925494137
1.92234918797
1.93812802345
1.99502064335
1.96025220016
1.91194875205
1.91144173256
1.95355305064
1.94170250851
1.89555049145
1.9486613881
1.93319307607
2.04979738864
2.09579742667
2.03331985256
2.02334739536
2.01409517539
1.96603469616
1.92821880448
1.99749182531
2.02822344154
2.00985233629
2.0460367249
2.07369215319
2.13916569075
2.1322647903
2.05981593096
1.97340048009
2.11911233515
2.09030250901
2.06658553201
2.01538884991
2.14460188869
2.09140195119
2.17473553881
2.2044793953
2.13462856761
2.14778338349
2.17680858344
2.05762473732
2.17552635324
2.13392044491
2.19470726383
2.27832540563
2.2878101601
2.27127943033
2.19281871372
2.2013958807
2.21536817676
2.10389697018
2.16017957902
2.20596019545
2.2000508537
2.23780521727
2.26618253958
2.29276167193
2.30914506629
2.39812899286
2.32367064798
2.31762202936
2.27673844936
2.28521840304
2.43941453418
2.45580235231
2.43447627681
2.34108781785
2.45348270211
2.45954179692
2.38402802774
2.44576336265
2.37862071449
2.4165146755
2.39150793964
2.51452686012
2.55592806518
2.45405780798
2.48848152357
2.54808716601
2.37203564131
2.48000702274
2.48800326622
2.56179535085
2.5516872173
2.57676027793
2.62059280646
2.57890099144
2.56360231155
2.46851735809
2.41821275491
2.45661795884
2.57595089501
2.39734918791
2.58565088761
2.60295255953
2.66508180821
2.70191585827
2.66954520538
2.55874368107
2.57920673871
2.65149183965
2.60693058336
2.58133427995
2.67441234881
2.66362885237
2.61120411754
2.62048915112
2.79116023928
2.69948478514
2.61899629986
2.56476878172
2.7168861208
2.61772664666
2.5804397305
2.78990433308
2.72195071888
2.68695216358
2.88874616987
2.77424058074
2.67642437038
2.658400621
2.63949551046
2.79504227233
2.65490212679
2.90119058275
2.81081431246
2.8351742689
2.92533893734
2.777682428
2.76371887583
2.85397760916
2.77577346814
2.74460067433
2.76850612909
2.80789004147
2.78765530223
2.84722313142
2.81214649707
2.77690133798
2.79093026704
2.74278106087
2.92998160475
2.72900137854
2.78910910583
2.75693998665
2.85507628453
2.90671854734
2.82456914732
2.79920862138
2.80228284729
2.86769754744
2.79051620507
2.79303589219
2.90119636506
2.82007786262
3.03602162796
3.03323582238
2.81925015831
2.90860862547
2.97767322278
2.89813718164
2.79255441612
2.92964041537
2.88479126543
2.96988950676
2.84856289363
2.95036638314
2.92827372897
2.9298117311
2.96440895161
2.83359305218
2.93896774948
2.83739716929
2.81147932726
3.01835090226
2.96095681453
3.02171267301
2.88903179598
2.91903500405
2.99155557907
2.90003462619
2.89303827816
2.86685599893
2.95873700398
2.98701323014
3.0005580796
3.15514655811
3.04668354556
3.08074197984
3.11629316926
3.14689845699
2.99239776134
3.01445323402
2.95485590476
3.10625041813
3.23513712198
3.04421629244
3.09263257134
3.03175037986
3.08325012887
3.10672712433
3.09250817072
2.9650406341
3.02411682743
3.04946029997
3.1949130196
3.12797058958
3.15046765423
3.08012187952
3.06816060102
3.19695800358
3.28000795335
3.26808924198
3.14529403543
3.19401336706
3.25369544649
3.13782749847
3.19467482495
3.1543057642
3.25993128628
3.02530734861
3.21278143853
3.20646652925
3.05539340657
3.24464026433
3.21893494195
3.21901687557
3.18069510281
3.33135891473
3.24993176273
3.24234417856
3.16156789339
3.2835024786
3.09032511866
3.16000893593
3.09936390382
3.25795859718
3.25315390712
3.29593125984
3.13572419184
3.15639360172
3.12356500012
3.16370207638
3.17330423182
3.17354811406
3.19400795001
3.37192082757
3.31979410481
3.23617243829
3.11975531441
3.20510788494
3.12772965175
3.06251363605
3.05579019052
3.06691030926
3.23130359381
3.1300043236
3.0489549982
3.10435032409
3.26802802235
3.13164748719
3.14962925816
3.19690737429
3.14030976725
3.14425069088
3.26418223053
3.06836397409
3.22024460107
3.31174917436
3.24190082121
3.26857089445
3.19707887369
3.22358521926
2.97742066318
3.36966202235
3.20110054028
3.15335664171
3.27742280549
3.31189009625
3.28747903812
3.25920576799
3.21886364597
3.22061094713
3.142060471
3.1524360128
3.27244022775
3.14606987977
3.17517663258
3.16507462388
3.2001478709
3.18093921596
3.1819515093
3.32898867321
3.17168426424
3.35366968548
3.18664170825
3.33936204845
3.35105467379
3.41401560694
3.2142099517
3.21339417237
3.21534171075
3.31392876965
3.16610113585
3.29430227333
3.25586304301
3.16257330841
3.27794540673
3.13877355796
3.18441209084
3.27291384292
3.34046766391
3.22420491105
3.25279235998
3.31807997906
3.19113627261
3.13696241173
3.33386074984
3.35074251485
3.34947543758
3.3005951519
3.23100412387
3.24886605257
3.17423865747
3.32299756157
3.27052798569
3.4807475732
3.27823071575
3.41679963827
3.40954809785
3.26355068338
3.41548570639
3.24674814421
3.22717588562
3.2419309746
3.30927036428
3.48859440243
3.519129677
3.4495141291
3.43802017581
3.33166322875
3.30375147605
3.297696244
3.30570793045
3.22954239112
3.3035803985
3.2640702765
3.24884412307
3.44074131691
3.35850654238
3.30882084256
3.3781965189
3.26565857375
3.20161138958
3.26638054854
3.35963288361
3.22149993622
3.23310559803
3.32303354424
3.3954105612
3.38898370856
3.16044906712
3.26537125486
3.21362590665
3.32020456588
3.33348692769
3.41913043958
3.25083539933
3.41007778764
3.43091454422
3.37501899034
3.34169001067
3.27652502215
3.15567484218
3.43040727216
3.47467617917
3.36455573428
3.44872221443
3.33761265528
3.27770735008
3.38895050484
3.36476643997
3.28776732439
3.36488530713
3.29125001985
3.31881518871
3.38097502542
3.31394179684
3.29615553004
3.41094985998
3.44424915081
3.31979269719
3.40881152946
3.22833250293
3.25266664535
3.29719128907
3.3104059822
3.35880332547
3.32821644557
3.34562759048
3.38912482578
3.33358263737
3.32677454025
3.34857091188
3.29662304306
3.52320321846
3.29982531571
3.57533423859
3.51174482912
3.45251424599
3.46952228653
3.46777177453
3.36429330313
3.32309252197
3.36659689188
3.27081477588
3.41386883336
3.36271147883
3.49780748165
3.24804174775
3.49645530683
3.49710448653
3.44818274814
3.32963060677
3.18995530754
3.43598031843
3.36092905921
3.38960538399
3.58178970036
3.54951133949
3.46048105872
3.28811182153
3.5282069127
3.4001845167
3.43540386879
3.41376520377
3.33531338257
3.45623783875
3.44109066457
3.33545230728
3.61959428334
3.56673133361
3.47913821632
3.3793170712
3.44035660577
3.56099115562
3.4674071027
3.4918875919
3.39591900456
3.41777343857
3.32128042525
3.51029019248
3.44802299196
3.28522724506
3.39496850741
3.45024362791
3.49428863406
3.40975641572
3.46770755059
3.61757233673
3.43244456065
3.29955496889
3.39654496855
3.3153331964
3.2960792594
3.32883564395
3.4489800092
3.52532152349
3.56775289708
3.38372885406
3.31482937503
3.51189926726
3.43190149945
3.29379489484
3.52493274742
3.4291399079
3.61799917549
3.48827126712
3.57847513407
3.51346521735
3.55093393064
3.55061190611
3.55572716236
3.3689613834
3.5194301247
3.58744986933
3.61380071163
3.51976178509
3.56081396896
3.52290743196
3.50408265895
3.68429270369
3.73994933778
3.2892127381
3.5285353061
3.55810064298
3.65939705658
3.55413408947
3.51254049343
3.7472396813
3.59504629964
3.53426254201
3.58832589275
3.46536942452
3.65578753918
3.67926143378
3.63612704939
3.65468033004
3.5271012972
3.59459150898
3.41986194068
3.62285865641
3.5672911281
3.30824026585
3.55089085209
3.48871691579
3.62320752364
3.49929969466
3.43780888683
3.49613808584
3.60792246145
3.50681519526
3.29366376078
3.40905294102
3.534036048
3.69191836965
3.36910785067
3.6548911075
3.41437382585
3.47894943166
3.55760844269
3.46530151498
3.56293136394
3.26715406168
3.58084959495
3.41066501135
3.6361099121
3.68236150467
3.48010767502
3.6545719822
3.48038812506
3.53066308486
3.5290464173
3.54041697788
3.40942927611
3.57834309673
3.54983553618
3.60877596986
3.54183669871
3.62574591905
3.5071420061
3.6692801044
3.66277335316
3.5277257877
3.59265771341
3.53455190694
3.62636435413
3.58421434087
3.60622901839
3.70995483041
3.88807734966
3.55626702899
3.61347228914
3.50820891505
3.60931472152
3.51935105139
3.71355599678
3.67433594483
3.66080657297
3.82343371618
3.67232607508
3.74485312158
3.63593452805
3.5111994077
3.59355914974
3.61269080585
3.75031499237
3.67814886439
3.55883735138
3.77641024214
3.74103433168
3.66577261245
3.6473307057
3.56770131418
3.52648119318
3.47722353369
3.62787937784
3.78502407366
3.69583009857
3.90105780053
3.82149512255
3.6067720744
3.6833075034
3.67575840431
3.67267449933
3.69586830318
3.75214279139
3.80430120474
3.66851795053
3.63942092621
3.82625393969
3.80667320746
3.69074728262
3.47590771985
3.64943760282
3.69543231934
3.71061862588
3.74876805472
3.6849722259
3.77224925494
3.66136636841
3.89155128264
3.62950390685
3.53649664867
3.67966364375
3.82171959233
3.71374824911
3.8000305196
3.70814810848
3.83024960464
3.65639397955
3.69177747405
3.67690552902
3.61516694039
3.61552510276
3.75737147552
3.69654550016
3.9043375001
3.73839719725
3.90450082034
3.55913967746
3.80122309816
3.72310721195
3.47998282951
3.67895832652
3.72423007208
3.89850863838
3.81189830589
3.6135993256
3.65843304974
3.87318009162
3.77586939165
3.73521229225
3.70415898091
3.83933634287
3.5878252846
3.58245962369
3.82568545979
3.79373806834
3.62494494194
3.61494310939
3.70630701691
3.75782505089
3.53944864547
3.71112398249
3.67817756641
3.69885862541
3.70442691135
3.76032225913
3.78824365115
3.65300140506
3.89056901693
3.77302754807
3.48275805259
3.67492925131
3.67688742369
3.98098707622
3.81157539409
3.6981593954
3.754479819
3.80055361456
3.88715640461
3.70930964613
3.42612336448
3.6766240207
3.60250806516
3.8472741687
3.78008999908
3.70635149318
3.71500796294
3.85353575826
3.94166551632
3.73006140459
3.61978105694
3.55793536049
3.76979402
3.7435896771
3.74005610687
3.79807730472
3.76092352682
3.88803348255
3.61474502361
3.86944483459
3.60720125616
3.75774515384
3.71952886987
3.85848699415
3.73237883878
3.80856244528
3.87146378022
3.69306061816
3.89001435286
3.74118585122
3.62230883157
3.58669653594
3.75962892681
3.7153195256
3.70112229955
3.92966311687
3.88681409699
3.81677329135
3.75145814031
3.80636308736
3.57700916892
3.74864558142
3.75177489209
3.81714890373
3.7911407997
3.9307289176
3.91745340198
3.79759830141
3.76470004264
3.84914315593
3.58217686886
3.72224673826
3.69807310784
3.69930698889
3.74420365989
3.69956614041
3.56699636763
3.61880483276
3.83110821027
3.74867910326
3.42588019407
3.73357297009
3.63399830437
3.59138652217
3.79445883143
3.77694976228
3.86866737956
3.75372542518
3.58924668956
3.79047404128
3.49822680914
3.79427694637
3.5516404056
3.80762260324
3.8127101953
3.64455244005
3.62768572134
3.80995123845
3.7889526194
3.94171712828
3.65592075229
3.65324406707
3.672218261
3.66070394814
3.85345240784
3.73515377629
3.75874305141
3.78459798038
3.66672431785
3.71896473962
3.43589721739
3.65713769591
3.72409080803
3.64503616136
3.6928031708
3.80648922992
3.63815697506
3.81357160223
3.79160759854
3.64607147866
3.54724788576
3.60786261076
3.6804801932
3.7084967916
3.67994346654
3.80471866864
3.74992026275
3.7129623009
3.64168168062
3.69347714585
3.50202788591
3.58829481912
3.65967992061
3.59488498402
3.71077031219
3.71563295394
3.81796717811
3.78183945704
3.58324138564
3.67664679337
3.68352939934
3.73148688024
3.63476910037
3.82073143739
3.77577806824
3.73202307516
3.67832730043
3.73145705712
3.78878226376
3.58244906843
3.53903014833
3.68218155575
3.6543151418
3.59591355169
3.63645006692
3.71305505675
3.54984739101
3.45894252723
3.72470595676
3.65340201318
3.43490287843
3.6153657968
3.56790309879
3.70526679283
3.8150271427
3.65959368068
3.7054509697
3.66255135351
3.56798521662
3.7104250536
3.3443438431
3.66957472244
3.66797532812
3.55473255199
3.55008088022
3.49801510254
3.50708141685
3.60851347584
3.53205961394
3.62100306469
3.35075888062
3.43789060831
3.55680167174
3.51177917975
3.4839815554
3.67449551338
3.41849845958
3.5490193302
3.52675250095
3.50267437702
3.43133093411
3.3751808489
3.5153596288
3.369376818
3.58067377937
3.54370509791
3.57583494401
3.47255617255
3.39373698038
3.49732397842
3.31552044761
3.40820953387
3.41929190499
3.40968883768
3.4362483083
3.51926827663
3.51692280871
3.55268076122
3.65043886501
3.32780094963
3.19528835922
3.28893258637
3.28264084619
3.43640883857
3.45830487704
3.43949596268
3.32535698193
3.66752955967
3.38270660841
3.39980781761
3.35646013927
3.36187334543
3.29043586513
3.34915276164
3.47222589076
3.52044306999
3.46795370501
3.45123750937
3.50285829151
3.37305052155
3.14921399963
3.16638511807
3.28343266839
3.20087622675
3.33803856826
3.3325259856
3.2939569568
3.43827599198
3.34185500574
3.31298351961
3.10337542671
3.08213754052
3.44143299764
3.33926416308
3.43637801874
3.46465424591
3.46639370048
3.2573394568
3.41509020692
3.38704279152
3.20732756323
3.18598466104
3.3253664335
3.31036698624
3.42471292645
3.39056888425
3.24174867624
3.29657353368
3.35773426378
3.25738479614
3.14057928771
3.21950321794
3.23059903473
3.2636254257
3.38783393851
3.26817435151
3.28634513664
3.32054091978
3.45442635489
3.30297314835
3.01457289362
3.26016298193
3.32119073194
3.16288777614
3.32162217176
3.54097959328
3.18151194417
3.16579122072
3.37392782986
3.40691480583
3.10048287708
3.17121263278
3.25658944386
3.20715680516
3.42484399748
3.31361519468
3.18744772178
3.24379243612
3.26901713151
3.31869644487
3.08339715245
3.2129294031
3.02960019189
3.41646203482
3.26241712862
3.37985740465
3.32935535234
3.39211280662
3.24454681522
3.21496581417
3.02523737764
3.10225603953
3.14863253459
3.17997904688
3.25537128139
3.26717361617
3.45102951366
3.34101631033
3.21196011502
3.3195678888
3.1887638576
3.16206279719
3.36938157529
3.33972052199
3.35237340605
3.27977622706
3.14648650032
3.29441840714
3.42062810555
3.46035267347
3.21708342829
3.20939646405
3.25485370153
3.39896095586
3.14921946889
3.2478156271
3.25240242171
3.38834053117
3.16309982145
3.3141155234
3.21926415119
3.01041117185
3.20139854485
3.20087516189
3.14628797102
3.19206039208
3.39202925897
3.18869231421
3.3402302562
3.29911243907
3.01601185697
3.30384300321
3.16483935443
3.01205291599
3.2737703166
3.00024465972
3.26052181393
3.20787759441
3.23353363767
3.24990682667
2.9992289207
2.96651505649
3.16454217839
3.2704699465
3.19228969297
3.19404096499
3.27679450774
3.21677397084
3.18137744445
3.18687596214
3.06484404737
3.18868111092
3.00627163681
3.1670193553
3.12852073753
3.19413142073
3.3963550396
3.20400951064
3.24731795228
3.20240752017
3.05399362284
3.26494493449
3.08921291977
3.22087803823
3.21280126023
3.17578722045
3.3072884984
3.25687677366
3.18160146254
3.28642772001
3.19106883445
3.09982987803
3.10690822822
3.15174494851
3.29516395512
3.16005759668
3.33458566403
3.25071123961
3.15017452061
3.28177001899
3.03140637431
3.27475582105
3.26536914468
3.17406014442
3.14780346718
3.10763763916
3.21904164529
3.11035273233
3.11327996224
3.23480614263
2.96901070014
3.02323286778
3.09679605401
3.15058449805
3.0669397375
3.07474979442
3.18314352059
3.02403546709
3.07186496827
3.28526905489
2.94085569531
3.10501331156
3.14187089062
3.12069654036
3.18648962915
3.15454827917
3.07685116911
3.19521393651
3.01238368291
3.1711872077
3.13269643456
3.06847240186
3.21615266109
3.06740047425
3.13300532407
3.28566154361
3.23740338635
3.21741377291
3.10784161535
3.04699318457
2.98441220796
3.16793046838
3.17551012897
3.14987564695
3.13473732322
3.37084340695
3.12217112362
3.35116837364
3.28104083019
3.36241407236
2.92250549403
3.23794036582
3.03949776453
3.14314027846
3.26427006593
3.14618844503
3.15820114803
3.22175129461
3.23231707215
3.23787049979
2.99236398643
3.08271781093
2.98444388801
3.121940097
2.96974048826
3.32196185401
3.15991705149
3.16222801954
3.20291763908
3.24719574571
2.90778997648
3.13245621663
3.04484374091
3.17993295008
3.20295828843
3.18161678892
3.17541875288
3.23974501207
3.13928964949
3.16481588614
3.01136437771
2.87728674406
3.15818081817
2.98232114267
3.04216193399
3.02821910816
3.18056520516
3.03120703778
2.99431549573
3.12426565123
3.0043047722
2.97083130956
3.04911931115
3.09595541969
3.00662690711
3.0816416257
3.1608562727
3.18421617663
3.09908410653
3.27749649611
2.96486837086
3.20437791544
3.0389494192
3.08024157095
3.03113154501
3.24778632307
3.03210516492
3.13508770031
2.9723576951
3.13897472465
2.93130646291
3.04650524262
2.90910203427
3.076571845
3.1451555931
3.23279198974
3.1231336742
2.95637153488
2.99636526844
3.03485576177
2.89108599395
3.16837061188
3.0475663178
2.96201464242
2.91571269009
3.08542044255
3.08031816277
3.12433750367
2.97225066334
3.18438356519
2.87172508663
2.88131142205
2.85855061656
2.98433275256
3.24439469671
2.96366827971
3.07965269268
3.01921558255
2.88921630073
3.06070351014
2.79720386252
3.00368390536
3.016554474
3.00754227883
3.04459506762
2.99560506666
2.92632042909
3.15825553662
3.02176678932
2.98212048066
2.8977532568
2.80983491394
2.74641566616
2.99134289715
3.01872645581
2.96359032029
2.8615614948
3.00381237248
2.88761693498
3.01479278475
2.86811650997
3.03200347081
2.8724215399
2.90711139345
2.82226224118
2.96791290224
2.95422199643
2.99967853457
2.89515808022
2.83375798237
2.90577056608
2.89381844467
3.03149974585
2.90750841329
2.97135862213
2.84211117405
3.01596294379
3.02300829676
2.87876130372
2.91726947194
2.77995939666
3.01197511652
3.00137492138
2.91785289136
2.9189628492
2.97724535823
3.15158432102
3.10112746853
2.96313869694
2.87306151932
2.78261548898
2.93321711653
2.87642933074
2.94020871049
2.88625935969
3.08677906761
2.94170533371
2.96481128135
2.99716877371
3.01080129129
2.85927341828
2.88335021415
2.93191374177
2.94266781318
2.91557791087
2.86009717107
2.95436072147
3.04289060873
2.82792316389
2.94959283423
2.91797389385
2.98936281192
2.99388624021
3.03220725721
2.9253391192
2.87417193428
2.8121172924
3.02533599797
2.91171624756
2.95146464652
2.97734403753
2.84883550483
3.09960846961
2.85003889477
3.07449568546
3.00486839253
2.9654653002
3.00553907797
3.02121412054
3.06557247639
2.877873294
3.09717122829
3.12294826531
3.0324977501
3.08296830916
2.98796479696
2.97210694268
2.98683792031
3.02351532292
3.02812432376
2.58255484787
2.89435647905
3.00185260236
2.92601655912
3.01867969102
3.11501471305
2.95492303747
3.05375513685
2.91303352952
2.9668077324
2.84181084663
2.90293421718
2.94227336735
2.89711867568
2.89410923442
2.92781451336
3.08478333557
2.79700136465
2.96726325658
3.02075920451
2.81800206175
2.98446618417
2.8869972623
2.92709938473
2.84455118755
3.00315993276
2.92591583201
2.82682978302
2.95407258856
3.0222098875
2.63607009447
2.87836187321
3.00631421149
2.8985700098
2.93416083178
2.86293259817
2.74699986756
3.02205575585
2.97352040729
2.96481702694
2.69052272943
2.86152129894
2.78970336568
2.90042177221
2.9552892372
2.94583629137
2.99129797986
2.79798516887
2.98251249355
3.05628173736
2.68279952848
2.81273315009
2.88386033079
2.93844420823
2.87476947251
2.85781993565
2.84577500433
3.03493683177
2.9047181558
2.87288034892
2.72145076716
2.89451789889
2.91989837366
2.78246510676
2.86890611023
2.85328213745
2.9593848452
2.87296272242
2.83297380528
3.05865233272
2.64508497059
2.75240419766
2.86964112824
2.87945100355
3.02305207863
2.92692859501
2.93395139864
2.75370195773
2.91846316659
2.82088989297
2.78899661219
2.8396245349
2.71987226412
2.82739960617
2.73628483918
2.66079975039
2.9122170569
2.82435176617
2.70672549146
2.74487815958
2.6518343122
2.65328739637
2.90015966612
2.87969052407
2.67838933733
2.80146483698
2.76588307711
2.83695290262
2.92924791449
2.68512657118
2.55533244786
2.81880161735
2.74681435716
2.7640977363
2.94171597719
2.82834088999
2.66066474217
2.80375819138
2.9822309078
2.83595278633
2.77463592198
2.67422234175
2.68809700087
2.78329750559
2.93313710839
2.83056109986
2.79013486832
2.85910168853
2.77332706481
2.87686459637
2.57421488249
2.72981529239
2.85253163347
2.87201272315
2.83983821008
2.88452115944
2.76644720632
2.82850346509
2.8851201908
2.7579825373
2.83151349083
2.72418965679
2.67424763498
2.71717053556
2.87391397828
2.85390296111
2.86536715284
2.83434939265
2.69671045181
2.8431485883
2.7073594954
2.80316849428
2.75360232082
2.80863517499
2.82510042623
2.69718596539
2.71709433737
2.76107722265
2.730407942
2.7947094726
2.67528664717
2.7848692967
2.84223101166
2.73406746042
2.6363435961
2.71549790177
2.62444824442
2.8375429557
2.78335996562
2.81356938243
2.68750123072
2.66238410062
2.67608393013
2.72452184868
2.79100623667
2.77255981427
2.80140627667
2.76397225305
2.8822832779
2.77095559818
2.52383383846
2.72419787964
2.68477219445
2.70578577167
2.82570458439
2.7933613669
2.69170408621
2.77520020613
2.777288302
2.69442712271
2.59926563048
2.72707431781
2.69240478924
2.87254447696
2.74523901132
2.67893950713
2.67100651264
2.68793058878
2.6574969441
2.76732639986
2.62818121456
2.77070104843
2.77294412267
2.84457601184
2.79280330199
2.849981213
2.83001364869
2.8783419258
2.84090074414
2.74717658561
2.67521058381
2.54276851568
2.67921044952
2.66918800023
2.72139285564
2.66969502643
2.77559170759
2.65306359816
2.68578670171
2.63337506402
2.63399804512
2.71060987657
2.76033196434
2.77815228897
2.73388113719
2.70564022437
2.58956997323
2.81398923671
2.64853393406
2.65852608046
2.47454386297
2.6773195878
2.68328511041
2.64808517036
2.80593586481
2.64699253955
2.70807858565
2.68255206084
2.66174642718
2.75055634338
2.53786423728
2.74174832714
2.6804494949
2.7037635521
2.75831452605
2.71487028247
2.77335973227
2.79934091687
2.76305523193
2.75846196896
2.5406396406
2.73335428831
2.84392874116
2.68332746291
2.62657322764
2.60141330805
2.66231285697
2.67694032362
2.6952001338
2.83170573515
2.60532023281
2.67401235425
2.68380797598
2.71778413448
2.78700106126
2.60457838625
2.70850687528
2.62281448516
2.71064883682
2.5835713715
2.46853844956
2.5825375402
2.5784583793
2.60462146822
2.60490875095
2.59677802429
2.65869094723
2.65331654003
2.67210996398
2.62347451246
2.54162024829
2.60568803313
2.57016778877
2.74642825931
2.53095477706
2.64082701975
2.67618156263
2.52828520733
2.61043957591
2.60028422734
2.5119644182
2.52196312091
2.57160789433
2.71616084534
2.60516102287
2.66968046686
2.53792855701
2.53601699069
2.64790298781
2.59088498178
2.53370795906
2.46996341372
2.60684783944
2.55445210096
2.55381882402
2.53330119646
2.55146256256
2.53557400322
2.56527508616
2.6608120566
2.33811887899
2.52192438218
2.68330538774
2.6919118216
2.5184405463
2.51244145647
2.6299812184
2.57255455381
2.6029637579
2.54913838542
2.47751011407
2.51301250046
2.57783613181
2.51281623212
2.61702738211
2.67675009021
2.61103379697
2.487809205
2.63588403726
2.5230035052
2.48546098825
2.44350503716
2.45843496084
2.62525923616
2.58181481436
2.59030515739
2.55619085932
2.61113363478
2.75490924603
2.59824119446
2.52178620362
2.49906302914
2.62891001892
2.59393454403
2.60753644055
2.48285631543
2.66791793704
2.56216829953
2.54248643738
2.46330150652
2.41862860781
2.55133823076
2.60002064773
2.46492374361
2.51397055098
2.58625097653
2.4747613036
2.54400773406
2.57469723704
2.57893414426
2.42662538347
2.40083342853
2.40478873977
2.56834592426
2.49077147588
2.54949667734
2.4580795725
2.59776715231
2.45963338649
2.51267584318
2.36264935437
2.43359389663
2.43568955645
2.57392914182
2.33149481767
2.48701404956
2.43797614655
2.51205020484
2.49952596596
2.48405408189
2.35701352826
2.62602716768
2.3648148343
2.41392554137
2.39389394644
2.51138880816
2.45546015707
2.5406126478
2.44881135175
2.59010529992
2.28791576833
2.41861806315
2.59972600034
2.56207042974
2.5630481393
2.58989288601
2.47684282246
2.54725457856
2.65039081246
2.55901209059
2.39333545545
2.43754710546
2.51817828849
2.48385111848
2.42647520444
2.54338548818
2.44240255928
2.5503386668
2.64686088869
2.54838859704
2.52404684901
2.50931824353
2.556860874
2.3960131779
2.67712911847
2.59775307122
2.46010743374
2.57279452965
2.66919121537
2.70193038717
2.39464760584
2.47752414444
2.48261487943
2.54990953416
2.52104516232
2.52243478933
2.46834035945
2.55004022449
2.565628959
2.65268557629
2.49526475769
2.49280578634
2.43220610127
2.57941738322
2.44949536926
2.46390570742
2.63698341152
2.53636366272
2.48768118718
2.54222981165
2.51593244296
2.46654146358
2.45709615022
2.50892785129
2.5730440993
2.57361577353
2.53822588325
2.57609096286
2.47083373621
2.62304360974
2.52454029527
2.48684451798
2.59761020902
2.58437441891
2.48257178473
2.53744828293
2.51723016945
2.42309689936
2.61155899084
2.58795972496
2.43435922122
2.50367350289
2.57044457352
2.44287021932
2.61462521571
2.48407908046
2.47072653556
2.51457427168
2.51601886487
2.51021175581
2.37171003678
2.6091856989
2.55483819437
2.63818021321
2.58436835143
2.56132200575
2.51107676557
2.56936522481
2.57242333913
2.50777797234
2.35689127308
2.5323231698
2.62166416982
2.57657718983
2.54862328959
2.59239401215
2.53476800606
2.49057899567
2.41426892704
2.55518957835
2.52025630051
2.32930154252
2.50864998755
2.57764552066
2.5071500057
2.46326304361
2.45746346077
2.4390982742
2.52906178084
2.56087906557
2.35984215423
2.44133836183
2.39374466917
2.53928389922
2.57523167202
2.46913767463
2.44111625275
2.41277119187
2.40830511519
2.3718995133
2.34250054166
2.38445292419
2.37003338423
2.57707226393
2.43640130444
2.40309649256
2.55525918525
2.43849340963
2.56773992419
2.3909214499
2.11285432386
2.33461827052
2.37628985719
2.5429752979
2.3722541295
2.52384032616
2.46896856713
2.47088717073
2.51019387725
2.45407618111
2.27960268855
2.47765524322
2.39107903531
2.31819387928
2.3660967361
2.40143049109
2.42323849973
2.57008171025
2.53925096309
2.39761669749
2.25374261843
2.28053809518
2.45001861146
2.52795336229
2.37289146972
2.47248850736
2.44852068388
2.36664635822
2.4893867898
2.42165859857
2.21101364487
2.41557933682
2.47425924504
2.38411842465
2.49948396352
2.35619701192
2.47113271418
2.44856218895
2.49404084939
2.35173687312
2.23586632285
2.27883889142
2.30616299093
2.44360108772
2.42936897951
2.42903227594
2.44272946659
2.64373863229
2.36171078575
2.50728979206
2.26798001334
2.48091560203
2.32391570097
2.48598168144
2.50280545786
2.50549793079
2.38334632364
2.52426076096
2.48627645043
2.45027709454
2.30987347358
2.37371219546
2.41425997734
2.48472864947
2.3424370231
2.46478006491
2.35748543668
2.47171141219
2.42641427666
2.46945444518
2.25508202392
2.38971452963
2.36718297797
2.34311657992
2.4311616644
2.41284914142
2.40347759205
2.39868661416
2.41952634913
2.34430746156
2.29170572793
2.45873609734
2.39746686831
2.53792996973
2.51942511234
2.47023264146
2.36200666538
2.62842944655
2.44118238318
2.45115414625
2.38054326057
2.4240062736
2.37538179746
2.36343301877
2.51053188086
2.47864811918
2.54840956098
2.55183955964
2.43634295982
2.39980621284
2.37572583953
2.38025223702
2.47074044476
2.45722260773
2.60005388802
2.39573367026
2.478755117
2.53567374566
2.48140347233
2.45000110641
2.42821056828
2.46410724556
2.54890567955
2.40268748832
2.59531446436
2.41220320675
2.5279893139
2.48373326182
2.55661354783
2.50117912549
2.34345748338
2.42118076468
2.44339615804
2.56713116935
2.60263297954
2.58414314429
2.5878037861
2.55980601096
2.46985819054
2.50251088899
2.26727206382
2.48584356478
2.37601248747
2.49210883826
2.4282605719
2.55541692844
2.3271360946
2.49773559904
2.58836857322
2.44402147612
2.245384332
2.43564221239
2.3725846386
2.45641496921
2.4997968699
2.54374419382
2.46616571677
2.61344468224
2.48817129707
2.52895903647
2.27740990661
2.45676769698
2.33586239481
2.45247011125
2.44779517916
2.417275071
2.37581220877
2.53574188623
2.45055856597
2.40393941262
2.39616745079
2.34225662878
2.39602304217
2.51506386578
2.36232193109
2.46107229984
2.53722271714
2.32719411212
2.34647143659
2.31836376038
2.27284944367
2.34371656194
2.27081388286
2.53247912139
2.43475454149
2.40400524625
2.43753761491
2.43559621608
2.51016681808
2.31433127159
2.29105434054
2.41928670087
2.45915507737
2.45583974379
2.41003370976
2.2708227517
2.34663231406
2.35140201426
2.39275291637
2.37280395672
2.29180177724
2.45840087241
2.45163803032
2.36012998697
2.40946252453
2.48599326211
2.37793991634
2.47748387411
2.44708860007
2.29979694664
2.3377148433
2.39139765644
2.54466207534
2.41725751254
2.43314643472
2.39852660549
2.37646450844
2.41362952429
2.41437313509
2.36999258453
2.39651081821
2.40241534382
2.38055684707
2.35622272614
2.46776940361
2.47863432753
2.39239036167
2.4595058077
2.4562090162
2.47973965678
2.33036033353
2.48937047851
2.44690026242
2.36424557626
2.33379939264
2.55042855713
2.3851880838
2.44476967302
2.57171367383
2.54192298925
2.18807593977
2.43314913699
2.36390629956
2.40766142619
2.4233401559
2.43593077606
2.48023407727
2.52749790457
2.47409020203
2.47044073576
2.43263425335
2.48604632688
2.41154070562
2.50309841341
2.45231146762
2.40568359768
2.50982323483
2.50869084072
2.40181319362
2.48095536441
2.28218128729
2.30477611962
2.43999313912
2.44955050558
2.58819853154
2.46879232109
2.43576038548
2.39829253304
2.48938856104
2.48627172786
2.33183014855
2.40789396122
2.2987663708
2.28666756749
2.34868810567
2.49498285028
2.26041054955
2.46547413027
2.51256126049
2.52809199578
2.33987645888
2.29493603283
2.49272804275
2.45708152652
2.37117458567
2.43035240826
2.4672117615
2.44888729954
2.57594638219
2.28167836168
2.32034707677
2.46923084214
2.40155553001
2.45707499027
2.39944495186
2.45302341121
2.47337179619
2.46256366405
2.27758671957
2.45218204552
2.41082428461
2.3132742942
2.33890156102
2.37882100108
2.52742373627
2.203668708
2.36743124485
2.2449013297
2.34366769338
2.41462570986
2.36284317911
2.3014849686
2.43617638212
2.29466719857
2.48836888531
2.25618225846
2.40984271401
2.2962878907
2.30295063105
2.35984578261
2.18707821614
2.36434593493
2.38578770924
2.36779629818
2.37142883724
2.42758550647
2.38674811426
2.36957932374
2.32921509877
2.22237160245
2.22264097995
2.3388432273
2.42340207618
2.37407515398
2.37284334135
2.31413562179
2.36324824125
2.41088879329
2.29628478041
2.3559253253
2.21466228756
2.29578128472
2.28210310107
2.31171641299
2.23665829098
2.33603934988
2.34212294424
2.36480130345
2.4338909142
2.33313399526
2.18395970087
2.20710624757
2.36709440508
2.33084620163
2.28418528768
2.29996099707
2.27011144194
2.28740345562
2.27630647546
2.32798134032
2.11972543657
2.30129865751
2.26375112155
2.31244307297
2.36513441396
2.31226341334
2.41160297421
2.30855939823
2.22276156235
2.30114514753
2.21840331554
2.23649829647
2.2925969063
2.24398379686
2.32904952645
2.29042204407
2.37629183918
2.20942045277
2.27028108189
2.32467307341
2.23202626845
2.33970860997
2.26269308183
2.30031062043
2.37681964585
2.33644092545
2.2368570841
2.37221555746
2.33547797534
2.30966154215
2.26018776911
2.18946535587
2.32774730277
2.37790159243
2.40344437841
2.29927275786
2.31682985631
2.36035549575
2.31884672782
2.32868119645
2.25891186798
2.22348377791
2.24231092423
2.36461420143
2.43339065999
2.33393058977
2.46486116216
2.36491172677
2.41777296901
2.36190290049
2.28747956748
2.30727987149
2.37310233176
2.36309317699
2.27760985768
2.39465523431
2.41241513005
2.41200322011
2.35649233907
2.34070955768
2.24024469724
2.37337109047
2.30484209675
2.39371900839
2.37449832681
2.31135382515
2.34917757386
2.40468087909
2.42508158267
2.37089162573
2.1377520512
2.2774929589
2.31916020569
2.33783096716
2.40401078141
2.33978939712
2.40332943636
2.33914901814
2.29964890993
2.37509120762
2.14101454583
2.25556376275
2.37426176009
2.38486012706
2.39938064206
2.34399588093
2.31673594368
2.42310787451
2.39041754833
2.38560201639
2.2901410059
2.3329997898
2.35140105182
2.37150512496
2.42264385533
2.35291266665
2.25391059166
2.41721127316
2.44840142193
2.37014219022
2.19453697163
2.25266136381
2.31724203163
2.32839866018
2.36405277583
2.33612442321
2.38137926081
2.41776023102
2.44352767196
2.23554445627
2.18387041649
2.3695006544
2.31203598297
2.29483445483
2.36231487092
2.28253618234
2.38863976464
2.35789087978
2.32167376491
2.36586512277
2.11792906719
2.2598596417
2.27127435869
2.23499565738
2.41958131221
2.3224439182
2.30863528922
2.35082352677
2.3562228702
2.29843716136
2.26290094787
2.25835627183
2.30001255876
2.28563416874
2.39541845506
2.32012925458
2.30532357487
2.44318073025
2.27479970706
2.29489894563
2.21274825233
2.15967043662
2.23264746287
2.28566560173
2.39290063775
2.35211146587
2.30620985985
2.22170852616
2.27201591121
2.29389268813
2.25980740142
2.27843612072
2.30512823927
2.39191666034
2.25823443773
2.23205510947
2.30890274483
2.30648544213
2.31544746849
2.3946553981
2.20609497201
2.35193209344
2.34464013144
2.38559007585
2.20406123844
2.33651294413
2.26538609046
2.38563947538
2.29388272235
2.37611023661
2.23502369788
2.35848552206
2.38363397932
2.22722670358
2.22229048315
2.30713734841
2.20160654071
2.38646585727
2.35208136928
2.34184171674
2.17180886126
2.2613704676
2.34518231639
2.37549999171
2.21984246135
2.26679224423
2.25668293113
2.24107043171
2.44230682695
2.26434904113
2.25306561972
2.25146172369
2.35208958298
2.3004690775
2.3414827421
2.33012883064
2.4141691598
2.3130878129
2.44326628783
2.30074842307
2.16651518434
2.28215896299
2.20450138322
2.26770493957
2.21394654924
2.2628698428
2.29067766014
2.37835294962
2.33664206958
2.26677176026
2.24068340921
2.27504691911
2.32764103577
2.29234714961
2.39170102036
2.33732973087
2.29415121999
2.32108217648
2.26541843066
2.37409738231
2.05992390956
2.17881505206
2.38889138576
2.35803163928
2.31084421337
2.21594122556
2.34639412311
2.31518514782
2.25884614152
2.35089143583
2.2220888328
2.26948165137
2.28356111202
2.32108725205
2.31804018515
2.36664640144
2.30812202457
2.33854429772
2.31241888455
2.26916494709
2.23359136066
2.23144355682
2.30867437467
2.26083687019
2.274876037
2.27959066406
2.30281436116
2.28550724465
2.31129040894
2.31096703854
2.22251675162
2.37067774883
2.3088133705
2.27802090368
2.41368379939
2.39984070286
2.36962205201
2.25137516412
2.25808353761
2.3088486229
2.22526669993
2.29579161245
2.35294575819
2.30838886803
2.31378854945
2.32702427733
2.3037237196
2.32387748176
2.35481720078
2.2591906355
2.29541021302
2.33601816583
2.40443134016
2.33469148639
2.41825641149
2.22395748833
2.39209304076
2.34726274073
2.32933455861
2.37694714683
2.27141019771
2.29088239506
2.3709083896
2.41864789581
2.26672620183
2.2920590179
2.23407870722
2.3825178887
2.33842012268
2.39277354613
2.21456372288
2.2914735842
2.35770713797
2.27942458376
2.33050980407
2.18611191034
2.3529274306
2.31791911954
2.36766416371
2.34996363455
2.16381717804
2.20266659412
2.29758131239
2.34361016157
2.36551157594
2.30989407367
2.2461083287
2.41457572898
2.38521016404
2.42807293776
2.15254931518
2.21657751209
2.21975721422
2.31993276694
2.27147546574
2.35452927318
2.26802214766
2.24996165156
2.30550820041
2.40144750398
2.26828618285
2.19178345805
2.47433662629
2.2385896253
2.2246446355
2.34201168793
2.31170844397
2.38211393589
2.34094212267
2.2463422156
2.21507897744
2.24694324577
2.29161151552
2.26088190606
2.37760318097
2.3047356014
2.39261506084
2.38713811749
2.39526809031
2.26044320518
2.15459347263
2.33509937015
2.23556996444
2.34641072887
2.25399607226
2.35902314484
2.31498139861
2.28272052041
2.21231213918
2.37960179392
2.22605039817
2.27408038649
2.30169749731
2.20696790767
2.2760831407
2.32711375323
2.37085940441
2.38062359503
2.26667282799
2.38160389158
2.21606927019
2.17564984328
2.29226073095
2.20439128989
2.40660831207
2.25624649078
2.306210875
2.25297800276
2.24673460728
2.27132445231
2.08526141906
2.30813484424
2.20223215184
2.22309337266
2.20312487395
2.3548457326
2.34003363758
2.33323031899
2.42821337035
2.31677977821
2.24548100835
2.26752313367
2.31189878082
2.27629643559
2.41210409895
2.25789959055
2.42117878553
2.31222362041
2.28333569172
2.31912756389
2.18183535945
2.24900914052
2.27639992762
2.33680361661
2.24050425857
2.37030835852
2.21075665388
2.22909568873
2.23361211771
2.31932117102
2.15509373701
2.29077191731
2.30483493549
2.23450073063
2.23516245776
2.28530996069
2.28213419679
2.37446200359
2.33119581628
2.38456659359
2.19209798604
2.19648386315
2.22450625634
2.31824047393
2.25507623002
2.29603628597
2.34122295639
2.25399838889
2.29798029283
2.27683800378
2.18142244291
2.22618657559
2.32960925886
2.27741168594
2.32195651728
2.33942303449
2.27611299267
2.27133138049
2.26835761884
2.24258356977
2.13969853225
2.23132064167
2.2808089458
2.22099897277
2.38256063941
2.29226044726
2.35741237792
2.35692547303
2.23189598507
2.25360530591
2.13166957763
2.27635500818
2.26368762609
2.21565575626
2.29738619623
2.3200664756
2.28720401728
2.33025959453
2.33558647007
2.30140378475
2.23833295062
2.18843790272
2.25050374153
2.3564353705
2.31145067641
2.25279672408
2.32233480081
2.32239787301
2.31004125178
2.41619828141
2.20649457708
2.12001547134
2.29126451236
2.31123440418
2.30298863453
2.33254729728
2.39090883458
2.38175388862
2.33403097329
2.33809084263
2.26145417517
2.2742360543
2.3389728961
2.30699930036
2.30278722185
2.3804434039
2.26933938688
2.33532309049
2.25650385442
2.32619309667
2.2158667596
2.28937126768
2.28577691534
2.27025986266
2.26299102858
2.41279084644
2.32629238901
2.28021911716
2.34637422863
2.25335282484
2.21278536463
2.27022895923
2.30275211906
2.28479524535
2.33478059685
2.30645513767
2.37378810951
2.38253365371
2.25899938163
2.21862277916
2.20403778285
2.31431577438
2.30476643136
2.23335001716
2.23486005652
2.31163146856
2.31545005181
2.35621165392
2.29880586177
2.3325474309
2.11222042072
2.39558064777
2.21710187209
2.18921512473
2.28360513365
2.33709974194
2.27290445337
2.27905596784
2.3199076474
2.21251003885
2.23979160804
2.25189939645
2.28579524827
2.31974556038
2.29763436809
2.34091250971
2.267185525
2.32171556664
2.33097356364
2.28634643573
2.15367009196
2.24075005209
2.23177454996
2.33748483902
2.31504196289
2.29507878399
2.22922023416
2.30334979302
2.32623538142
2.35240891382
2.21226934621
2.27533410516
2.24883352056
2.25688163698
2.23411675611
2.29641445792
2.34653992596
2.35692943743
2.43634476811
2.39360484511
2.23902599376
2.33696156785
2.22023911197
2.28625587037
2.34619581598
2.3621129376
2.2858839497
2.36216877562
2.38427031121
2.33145368427
2.23891512635
2.316150392
2.25912573308
2.35000530449
2.27196590993
2.25799495167
2.29557578963
2.37719226658
2.35914406472
2.37089235407
2.22317934099
2.33701364222
2.35293673095
2.3106680139
2.41090334642
2.41116403598
2.37230802447
2.37286462429
2.28924602035
2.32771307597
2.23584946966
2.27186879265
2.34729529032
2.4224786168
2.45342577279
2.36858896425
2.39774015605
2.3945326896
2.40033854717
2.39588017264
2.28127387306
2.34906331986
2.29608707705
2.29024147719
2.2385610972
2.35281797597
2.32075006947
2.42290828478
2.37781475821
2.39876772735
2.23174371114
2.353310673
2.21718010142
2.34947355315
2.3139460302
2.31294881356
2.21850175023
2.38498846403
2.30944233757
2.37635160708
2.2626054858
2.3121374484
2.3468024528
2.2477732569
2.37293005031
2.32740201509
2.37531733549
2.42905824658
2.26124005431
2.42550394449
2.14846660894
2.21767863622
2.21299784154
2.46139688292
2.24489019066
2.34732165989
2.36892448837
2.33936772907
2.32460247514
2.38657447705
2.26696201977
2.37053412828
2.30490421766
2.28340250245
2.44460558277
2.40628392321
2.36837911159
2.41492656684
2.3030534448
2.38733783424
2.26367698529
2.42269527408
2.31840525123
2.41246857992
2.31396720248
2.35584024546
2.27026426885
2.29755463579
2.29612360159
2.38638321814
2.19373035419
2.31854988107
2.29249131539
2.19457124799
2.40880042571
2.2555918785
2.29463026771
2.34963097808
2.31700744572
2.35434261343
2.15792849842
2.27350343871
2.28492756411
2.38276455423
2.34954358914
2.23538248414
2.34824671677
2.39679898968
2.31476060066
2.28098253557
2.21569035617
2.28145559147
2.40629713053
2.35199421886
2.48504114494
2.461203684
2.31772635099
2.37959130952
2.31702576041
2.36808103508
2.2116480242
2.39837167859
2.27730855811
2.23948179352
2.30809658712
2.27697893023
2.31787106609
2.30109712282
2.43119758847
2.3379532395
2.20639903921
2.30146942618
2.2787800622
2.39777945819
2.34883968616
2.38991190839
2.26420597211
2.28891349247
2.39999006808
2.34770018965
2.07844514337
2.20982988647
2.33867418316
2.29531800899
2.33661669007
2.3556258148
2.32434216267
2.46558975995
2.24285274386
2.29225196835
2.18689323279
2.3744128601
2.26855050457
2.28428806615
2.27806879565
2.37100421333
2.21742062572
2.38100221378
2.29015316588
2.32196550375
2.16221631956
2.24202871206
2.33460201192
2.34299208733
2.23839036962
2.34701892373
2.37361788702
2.29955875719
2.31448614812
2.32964499086
2.27894865298
2.33264017591
2.31634486565
2.27328714699
2.24031911284
2.38958731133
2.39668098149
2.33828623465
2.36347153038
2.39897442278
2.11581459773
2.40113388318
2.30664068696
2.30003343457
2.17160781741
2.3334938674
2.34823479268
2.32864159763
2.2947617653
2.34386859912
2.16421523783
2.3011925571
2.27759458935
2.31563373473
2.25580150071
2.30175987628
2.39285277551
2.34576963952
2.36629789653
2.2957147862
2.29103893718
2.25112482774
2.28263065344
2.23591690204
2.32084060487
2.34054656851
2.24920017198
2.32914353725
2.3537507174
2.24842817762
2.18322015998
2.17661097069
2.36356881365
2.2932700046
2.21346530166
2.34601886362
2.31478677046
2.33061703593
2.30311012158
2.21075760749
2.16728265426
2.36235083055
2.36392001152
2.30570265366
2.32905771181
2.25320213875
2.31776309982
2.27950623563
2.32177115348
2.37130887479
2.21493337262
2.22253223962
2.30917478296
2.36506326041
2.35036376414
2.38900494468
2.3526535652
2.36856655699
2.28721240279
2.31798214042
2.25319007599
2.19520963112
2.2880967916
2.28523758462
2.21542096469
2.29999659872
2.36822065964
2.35292773187
2.33096038747
2.26285875371
2.20517683876
2.23189331862
2.28534288111
2.42945962843
2.31230962706
2.37845060655
2.35487173778
2.28788021654
2.37330766788
2.2975994812
2.23918359566
2.26670106137
2.25594741338
2.24629609388
2.33420188788
2.3125142583
2.33258827576
2.34169708036
2.37570609951
2.19808587322
2.30227737689
2.36218832198
2.27095291007
2.32035659459
2.37817780343
2.39756412292
2.31959829563
2.33414298123
2.38230488974
2.36052579644
2.20849779469
2.20839370641
2.22876240501
2.3827231355
2.32627325395
2.2532544052
2.37373618895
2.39988835824
2.34756069106
2.26474996391
2.25388107833
2.31805235714
2.37570790353
2.202524194
2.26167433366
2.30369458601
2.46479002514
2.34729250214
2.25403333712
2.34154080868
2.18255315945
2.2694863649
2.2237900264
2.36251888689
2.34997806278
2.3374482584
2.39710044092
2.2201416932
2.32195465517
2.30774477923
2.24772342816
2.34148342675
2.33300180173
2.27683695441
2.39041822818
2.34237373728
2.43003005829
2.37486138296
2.37993492168
2.3592851958
2.16474207059
2.2150345346
2.28425312236
2.44018482676
2.36228073695
2.23846911401
2.44668041706
2.29812017828
2.35309865257
2.32731949061
2.23954935044
2.30806781909
2.29621231031
2.28889220545
2.33997201553
2.25831864944
2.30697689012
2.3474073236
2.34821040064
2.31519978145
2.1415483513
2.34794935781
2.18961413416
2.24958480516
2.33616450584
2.29508836776
2.31420478126
2.27111956775
2.29304282153
2.37370931455
2.1820676612
2.2905395999
2.25624509966
2.32494519165
2.38673349008
2.29947751004
2.34348857719
2.30690756395
2.31911386043
2.29767065281
2.24812714039
2.3272728103
2.32626315886
2.30248160949
2.27694347045
2.41908396739
2.33010471368
2.33859930706
2.24472540802
2.25027206835
2.23994538453
2.2945711849
2.31555018818
2.25936564183
2.26484229189
2.36065739086
2.20206456253
2.24706636146
2.2692988303
2.19745118111
2.22833810613
2.24295605206
2.3923419857
2.30200905183
2.31282273802
2.09459298778
2.22484953806
2.26300178558
2.27292961451
2.31735016868
2.22938416874
2.44371471936
2.29072207856
2.30827757689
2.33929486847
2.33130670983
2.34380031756
2.35244532156
2.2729846949
2.27861093733
2.2438630746
2.29634870568
2.3058022874
2.37956720328
2.32968850383
2.38292228478
2.32110500634
2.28457099426
2.439227198
2.29949334097
2.14015741295
2.32056777191
2.29734500659
2.37380893424
2.3824287082
2.2292947938
2.34850188613
2.3414920581
2.37642718914
2.33798553294
2.13310162041
2.31074221495
2.25438839418
2.22628051829
2.31573445314
2.39564089227
2.3308602255
2.29340649465
2.30857652462
2.30760398591
2.18675428015
2.29857399741
2.30574890593
2.27562973601
2.30007114324
2.32108582726
2.10284033555
2.23942214769
2.25324257794
2.32523090211
2.20039798373
2.32075563779
2.24502122042
2.26289889959
2.25062153149
2.32336597863
2.35574353167
2.32710373259
2.27656174821
2.25530318037
2.14228718501
2.199414078
2.21931168306
2.28588486627
2.232441028
2.32229460353
2.22963343415
2.28146750641
2.26879565221
2.21767116591
2.14590016636
2.23893322928
2.3144091489
