2.56646424532e-05
0.210545222723
0.333710034467
0.461958450339
0.424317780182
0.452300698525
0.465784761406
0.453528621478
0.476363174861
0.507368923332
0.56220444499
0.713403101236
0.592374036006
0.499036901886
0.650987432242
0.625435894279
0.488825708742
0.510700913632
0.535075706455
0.408478208804
0.624890307333
0.6483989087
0.428779309707
0.431513187394
0.569243497129
0.538800505813
0.429934928495
0.495653799785
0.490789474905
0.401045152056
0.51518196449
0.413533020619
0.413990131597
0.56487927101
0.599067042912
0.42671323185
0.492742187243
0.481036930052
0.628933031812
0.479629500289
0.675803516417
0.480368463316
0.473461237794
0.389404519801
0.480255493869
0.561985927982
0.419878293965
0.471472467677
0.521559133605
0.576366666772
0.427919859054
0.564908548526
0.440828924804
0.571858073548
0.379961572188
0.471602979483
0.484339088691
0.388513095151
0.566433853018
0.466586388153
0.490892603232
0.482286082462
0.46881437729
0.547307404391
0.53508047684
0.390329882939
0.477506233315
0.447284961782
0.485646499922
0.53165394136
0.532922207023
0.441727596666
0.625762330577
0.652599208458
0.459402822787
0.627055545332
0.533917619106
0.58209522376
0.493057527374
0.420459657227
0.528045858584
0.448284955277
0.612043633378
0.485103256866
0.491732224913
0.577957484641
0.476395182464
0.44816656668
0.452993300896
0.560797604946
0.377636101565
0.55782649321
0.465194821711
0.461507805457
0.470179967538
0.53665700597
0.421242707933
0.438520743436
0.476891747427
0.374317985129
0.4316936782
0.549709825308
0.531750346758
0.521095847591
0.510182170374
0.41398586191
0.338093883755
0.471093631115
0.496290546584
0.439950484123
0.491645865433
0.501164688104
0.425755420688
0.528404950796
0.436018166209
0.505492698094
0.513274228822
0.484238368967
0.411379598429
0.488852981023
0.486003225683
0.480065533988
0.393402041038
0.439903510033
0.45811423387
0.436807867197
0.499296073182
0.427511507243
0.436185535235
0.388878350605
0.385699406527
0.466183242256
0.537743255391
0.437360495349
0.427859270823
0.456423786832
0.490957307588
0.376750362951
0.587564913596
0.400726781913
0.409217267101
0.321382915566
0.368857223494
0.487816441874
0.33821271749
0.545324355514
0.424098030831
0.48430037731
0.449348367434
0.335518907855
0.487603701134
0.372826847068
0.396392527444
0.565851830326
0.43357049851
0.505513790182
0.536445743296
0.482471644354
0.508326090638
0.475872940278
0.389635191543
0.42250464967
0.498284124697
0.455779644323
0.462039071785
0.404233676342
0.533809584564
0.461394387958
0.381851982951
0.393016409765
0.494518294101
0.374363516689
0.468907219423
0.412700114685
0.419060584354
0.370926879764
0.377617837007
0.381736009097
0.434415358225
0.39902147466
0.394037619205
0.338521410048
0.42689637453
0.451439900101
0.284755875151
0.39431975448
0.51399777132
0.345282605522
0.425678011441
0.368440316797
0.366425074423
0.466170785038
0.425672138582
0.300006119294
0.361917101919
0.387544681781
0.40080920966
0.409262197099
0.336046832208
0.359717184071
0.356828773799
0.349161248154
0.361650348957
0.405450583972
0.349405774626
0.384563962265
0.424791366089
0.35112864801
0.432456902066
0.43571229801
0.433809946894
0.388971463745
0.398512456164
0.456272650162
0.384679542113
0.371773072338
0.450127568973
0.459297889306
0.320685961068
0.397752062769
0.396650138349
0.393972130801
0.370628214976
0.455230335188
0.375638561475
0.353377170508
0.381715239628
0.425824872138
0.342275829027
0.464870091301
0.389493152227
0.41998045583
0.359931562096
0.343073829914
0.313077098413
0.388807983845
0.450864960929
0.314338301217
0.357091512838
0.295787519628
0.299408473891
0.411312557627
0.32692677244
0.321717220748
0.414768054568
0.513969816005
0.3606494757
0.366446421744
0.350487650779
0.277466148715
0.429822811838
0.373570634713
0.400184970639
0.392339290013
0.385176486422
0.348068607042
0.378548544793
0.419350230328
0.301710440063
0.385180203186
0.351209117414
0.325936324602
0.2891690051
0.439943647574
0.381829585546
0.384049187386
0.366162685942
0.323208612643
0.311886360877
0.409627593893
0.295542830413
0.476176624399
0.356798587365
0.343689966504
0.373786313441
0.35369418819
0.431437646018
0.336529191226
0.341904104632
0.391267489181
0.344046880401
0.418775739831
0.368925839461
0.364048332002
0.393652799926
0.373520542641
0.381400134815
0.280166155704
0.404280822982
0.375278281364
0.371706783196
0.357250039958
0.387200172436
0.294549600211
0.310726603557
0.303464285827
0.356040411486
0.359377188744
0.312458461188
0.41021060541
0.32358322716
0.339114273133
0.316593411232
0.256648181692
0.396265801154
0.31345489019
0.343339684281
0.354592693405
0.331763622663
0.359975666672
0.280025802886
0.32000215951
0.326795330388
0.357466316174
0.309798233938
0.331233371666
0.374537245312
0.390898330234
0.328868530204
0.358334818504
0.321865296676
0.336268464647
0.353095895055
0.353940960124
0.3505445812
0.373684280984
0.371148197627
0.346809600136
0.346627279163
0.311963462163
0.317308066181
0.360842191763
0.401564583823
0.290404522348
0.33326027266
0.318723047377
0.338764311738
0.328156018555
0.326111098943
0.309292079544
0.308733931208
0.302979265678
0.315441041736
0.397054261222
0.389804038068
0.268736869225
0.321580458702
0.300500284925
0.306343169483
0.352038538963
0.246016258923
0.327338101561
0.32895400984
0.313233312288
0.33740568441
0.369697985799
0.331533856491
0.324510319204
0.336474033106
0.367824424542
0.291583127429
0.34256172518
0.337848735532
0.305509820355
0.262675991047
0.356789359283
0.330016194682
0.348383503686
0.307787061995
0.326968090385
0.334282047501
0.346097898364
0.317475859188
0.340699289941
0.256630225017
0.279774007369
0.36054809353
0.307549300054
0.268670413916
0.344893421544
0.309990935475
0.300318497428
0.304130298567
0.329617841564
0.34473723292
0.294969766515
0.333755299266
0.310879425138
0.300447418201
0.346522035877
0.313889159689
0.291992715383
0.284146456306
0.28218502773
0.345628368519
0.253514658484
0.253357275337
0.320335391027
0.275464402355
0.282551359363
0.347294739697
0.25784934605
0.257867643247
0.309266900275
0.273537314471
0.270483614584
0.260180484818
0.30570089088
0.372366871582
0.30543802864
0.291429306045
0.299179598242
0.352257226029
0.319727168057
0.293853738912
0.283039652798
0.302084852697
0.275864696548
0.283466468592
0.275955439902
0.315466123785
0.237920288476
0.260775756834
0.312604728311
0.305604979617
0.295131456089
0.270090655215
0.298486000122
0.308541077412
0.259876837938
0.311100775796
0.332610610082
0.337153784958
0.270427589363
0.303931462822
0.30979146022
0.29958890074
0.332195087164
0.303228684415
0.282171578993
0.277933755329
0.277527038359
0.346242970308
0.322355913621
0.318029513064
0.320256021973
0.299353966545
0.213585126494
0.270258251069
0.285905019834
0.277206273735
0.313383341937
0.295919695068
0.280339346469
0.298590231228
0.24802317851
0.284906117103
0.286720524797
0.283614333832
0.350210433053
0.285954435856
0.281275309987
0.323434166433
0.275339280205
0.302067726172
0.271024141872
0.277500806841
0.333227741241
0.27719620682
0.29725557896
0.300345200919
0.300456428989
0.27558999256
0.264676401223
0.311772781855
0.301574680143
0.252513798276
0.255947544858
0.297695938231
0.272835059885
0.272402542624
0.259865197967
0.230836671193
0.292978461608
0.302014251277
0.278231252465
0.300131840607
0.282677064097
0.297588059524
0.327571822781
0.278786673004
0.286092568068
0.264074061497
0.258056559093
0.291179061924
0.280247821159
0.29546681761
0.281711420606
0.289019465008
0.219562046417
0.245683736746
0.250921120887
0.277350680867
0.292720465277
0.309666896684
0.283038947835
0.263189813079
0.249297847774
0.232452958747
0.281709596871
0.257863897063
0.307358961137
0.253650304466
0.253081049766
0.25270525093
0.287570618828
0.278301430697
0.30885058841
0.277704518873
0.257682363414
0.236510564272
0.300439848969
0.335372790975
0.229331658694
0.254917486489
0.312406400291
0.273533887598
0.288647417438
0.266497894824
0.291709594604
0.242575077993
0.263087474076
0.313652603095
0.262221581701
0.224899308994
0.270542694144
0.238273126842
0.243899311916
0.294237224427
0.218531120636
0.301668273262
0.302134278654
0.284586626903
0.287883489853
0.270617468437
0.22724745472
0.303625376732
0.26508368698
0.273516762703
0.259539388066
0.322263930251
0.239389689025
0.261377058707
0.283754577695
0.291369045488
0.249114218074
0.243396266793
0.258781978065
0.236688167217
0.270470703287
0.243525813889
0.260026082054
0.256337462534
0.246486018376
0.25844701385
0.277661175726
0.260995735304
0.223605348451
0.244144528306
0.229459872396
0.271217630718
0.285099881309
0.255773637334
0.270062772971
0.278814662948
0.259885687003
0.221790384081
0.275600194692
0.222497707216
0.271732001811
0.283434706415
0.23232031288
0.246975633811
0.247159861548
0.224741917171
0.267461370754
0.246801355464
0.288166510288
0.249974030241
0.24984288901
0.276389154504
0.26341090839
0.252723772133
0.259005668781
0.214169971461
0.251676588149
0.2336113539
0.246615274619
0.240249799665
0.24175312355
0.25722983498
0.285719087618
0.267014288235
0.251892011261
0.220258891823
0.246212191777
0.240159378558
0.24828761234
0.272000501186
0.251413977439
0.230945289607
0.252719183646
0.27268867399
0.26607839615
0.240296663693
0.245995078325
0.243360314834
0.25436253551
0.25931683855
0.260274968312
0.256815521459
0.234668011138
0.303301486384
0.259332900593
0.24248176022
0.248728827527
0.261225297167
0.246985155167
0.25178899779
0.240433893843
0.230151466603
0.248998368714
0.241342986525
0.276171989077
0.237723457347
0.272851755915
0.270005027177
0.268316128758
0.224625125358
0.236663970495
0.274959425501
0.219925353841
0.251440556103
0.262028170024
0.236453706293
0.276168264622
0.254756232037
0.259807803245
0.259745963047
0.254479272474
0.253707376755
0.238152770292
0.249072921575
0.249807986241
0.249422715897
0.232034646203
0.279914054822
0.229201965735
0.255294534781
0.228675144776
0.250271140179
0.2283320844
0.253954510911
0.263441020692
0.22028450784
0.236175719641
0.233777645298
0.249048407167
0.246514297998
0.225169544785
0.228874540948
0.212704194413
0.242356249781
0.25720176666
0.251824951373
0.22394352682
0.212960241859
0.245065134404
0.217791894766
0.222585466018
0.270892975892
0.236779379892
0.240772979661
0.227737611475
0.244204413826
0.21626476747
0.21706979538
0.216482244473
0.28020535329
0.248306005023
0.230583753752
0.233285460026
0.215637741228
0.234355090186
0.207477703723
0.253874763686
0.234490275896
0.236102236913
0.239461409615
0.238569244307
0.272385107292
0.238770072667
0.200389304937
0.207771906198
0.231367757787
0.23455925811
0.28029519931
0.229284308295
0.227647471461
0.218712345311
0.256147768058
0.200903777486
0.268361792374
0.252788375435
0.204711340189
0.246654833866
0.284358454876
0.231592354555
0.213330693761
0.23105630615
0.221675340472
0.199238928592
0.244901219048
0.223898806677
0.217443650192
0.228849145522
0.25457475564
0.251631158201
0.219656050903
0.237298072952
0.227627535794
0.24080584034
0.235529791988
0.197400401584
0.231323890994
0.234356173396
0.253707897842
0.233949674604
0.241693876508
0.228852129299
0.227464542472
0.24194260066
0.271328132144
0.227911572587
0.238498186874
0.24776940132
0.242706461409
0.213531035386
0.225089129825
0.2356606755
0.230374281218
0.233305971952
0.182428864213
0.218323751211
0.238270878418
0.225260775696
0.222536318496
0.264697366702
0.200039403201
0.232994636026
0.213565097768
0.248752609327
0.217251269301
0.221766718423
0.223327410139
0.289592238272
0.206992587954
0.219299817989
0.235394599066
0.215058310018
0.250528212247
0.198246176126
0.241267075248
0.215210583687
0.237918563476
0.236049311055
0.225930881133
0.199333490488
0.227523213875
0.229934667452
0.204599175899
0.241346118202
0.249831100022
0.21538110201
0.233539756049
0.233378949178
0.230244465629
0.215149582543
0.189102336293
0.215098802383
0.194020914233
0.211303694654
0.237973636513
0.229424534742
0.197279555498
0.234807138755
0.187064171629
0.221370441866
0.203823551142
0.186292947012
0.20438395789
0.236976834768
0.207877766645
0.224595547998
0.255069868885
0.191623658235
0.211730224792
0.232230841753
0.235522372139
0.221966199372
0.1934265156
0.214556334601
0.227639353357
0.208725752718
0.204994977229
0.252054002751
0.208495921366
0.171117658917
0.201400402148
0.246361789721
0.22978422185
0.19812707791
0.221024597086
0.220807151078
0.215274893116
0.214558084219
0.216006513165
0.208726279293
0.184036805171
0.21957617892
0.183404869392
0.195724273665
0.226432372651
0.193659109137
0.238093734004
0.165123559971
0.210908759179
0.204410089302
0.245051811945
0.211008994279
0.180241539351
0.208201909105
0.204306363138
0.210059362325
0.20471630236
0.167958640909
0.23151708822
0.194466362751
0.189477033618
0.190935798093
0.192307609278
0.185810640203
0.213005964311
0.193013420837
0.191553741277
0.207048044738
0.182557819568
0.256052616632
0.187231071654
0.189064257006
0.262860555172
0.190540642529
0.180581862066
0.204847967897
0.138854936342
0.184208480839
0.198453860254
0.186148830734
0.201206040155
0.212169323176
0.200570409637
0.180495252315
0.183235913042
0.183910663855
0.208123101536
0.192312213634
0.216984594127
0.19005067013
0.210986397418
0.177247526844
0.197920757282
0.172375579719
0.157847043118
0.192359826311
0.175353414249
0.171678213699
0.193901902488
0.196039980415
0.175054150287
0.208923273879
0.190945786909
0.201939964272
0.168702467262
0.169596696157
0.206183212789
0.185755486951
0.206820889534
0.19865177522
0.208440987456
0.197671067856
0.178867859262
0.202672006164
0.199992930398
0.199913680921
0.180731536246
0.198032792682
0.208981730368
0.176063923384
0.159077307984
0.194140819306
0.215327131626
0.1718989725
0.187076622976
0.188762956801
0.204382860264
0.1682257117
0.155247065644
0.179964332751
0.211038681769
0.203354065219
0.194379260317
0.206283476464
0.169657816495
0.170488021362
0.157800348304
0.206620047135
0.192626827481
0.167264368949
0.211790734635
0.170306457627
0.153520491723
0.200462196687
0.165362677148
0.171577985294
0.184675261897
0.194810115283
0.191162218993
0.199671319743
0.164538659647
0.20982600855
0.167464891023
0.210359758518
0.168837023323
0.188004230437
0.16309470784
0.179469201333
0.155432605473
0.166796085408
0.175521999889
0.163403399297
0.167562426275
0.154734659308
0.166368688757
0.151978697914
0.188350640495
0.15190885845
0.162318765437
0.158200339155
0.186992805919
0.187427176396
0.157398313893
0.187888829013
0.14907307276
0.184595568081
0.168033751134
0.166426273668
0.194676787192
0.154691763579
0.15955949712
0.170783760398
0.186676670495
0.17027046106
0.179125535072
0.161032817288
0.168970948179
0.148949794026
0.193039185962
0.16710866759
0.15524277906
0.193462170058
0.182636479881
0.156181903648
0.162087697361
0.154746044579
0.164448717558
0.182227798548
0.179350832691
0.168080657702
0.174924807976
0.145900690391
0.172265311638
0.143391311394
0.162836431895
0.177474464442
0.192634103317
0.199054826244
0.129825916722
0.157219347268
0.157360359043
0.159957210722
0.155573770409
0.131472849441
0.154534858771
0.160615869208
0.154533178916
0.191207072234
0.163845095796
0.149908889586
0.23551807791
0.175016625788
0.129806077296
0.148624679646
0.147988197729
0.156776081685
0.138531622112
0.153299240548
0.173055407802
0.168969466881
0.149672377566
0.15107357647
0.144653297195
0.16562440738
0.156018734905
0.187614896207
0.188314922272
0.156725296469
0.144065402594
0.155136126127
0.162386631545
0.166298085671
0.170115340271
0.19496494808
0.131864167152
0.184443921538
0.196563644988
0.141129158165
0.200466077824
0.188251111856
0.159358339546
0.163570277239
0.169630904054
0.152720979417
0.149863233831
0.161145423463
0.155666678458
0.16604117964
0.165594136145
0.140491065656
0.175573849821
0.152668593736
0.171161356219
0.14236850966
0.156190241538
0.161168477646
0.16786236397
0.139802300367
0.152662695187
0.13044459361
0.18891350845
0.152540040143
0.146385917966
0.147594417673
0.143699169944
0.159930057292
0.15277812132
0.165488979913
0.162022673836
0.161479652989
0.131754068326
0.116096556151
0.140312411543
0.167022000336
0.142218109423
0.161750604345
0.155381244452
0.191473054497
0.164258691853
0.183420030543
0.171702707786
0.183032018743
0.139352142015
0.212536863137
0.157620152574
0.164374448978
0.151275416935
0.14630001473
0.178130418053
0.175662046964
0.154663818187
0.149015243787
0.151764282282
0.173118430257
0.142778601169
0.174684706947
0.183195164333
0.147663567608
0.121295650837
0.153254290128
0.164692671151
0.172085514506
0.166770166853
0.16546132529
0.179252826919
0.149439542207
0.162752973153
0.156399293238
0.136752339647
0.144698499688
0.191146726308
0.168199234482
0.16946807781
0.142130132376
0.190958441862
0.147399755977
0.14823404749
0.145994832277
0.147393656781
0.156432481207
0.203063219877
0.142284977138
0.16612830256
0.144261287577
0.149592141287
0.163401832021
0.159023348304
0.150322541639
0.168659561514
0.134316796157
0.150079379492
0.178533809227
0.139582095456
0.207986478419
0.191964424725
0.185872115429
0.176510992439
0.14484691274
0.150685035616
0.161618352821
0.148987901274
0.168152117382
0.190198654334
0.188693626224
0.157325324162
0.130889536647
0.190872911453
0.145018245791
0.173451483849
0.185377453447
0.146190739773
0.194053227627
0.151796947789
0.170902818862
0.163963977515
0.193908259268
0.148966918422
0.166603727162
0.125806791295
0.172895377105
0.162962251918
0.156676562308
0.157419168468
0.151256159143
0.132037170486
0.145009919087
0.146166803855
0.112537292901
0.129598534836
0.15607185071
0.154216015368
0.164291893267
0.157536674929
0.155304133372
0.147683670155
0.16271279777
0.150093802658
0.148192536776
0.170634937069
0.166860625736
0.169658728212
0.144242290622
0.144749234585
0.161734350766
0.174377786429
0.155093754111
0.150971711466
0.164636535871
0.132932177616
0.172537997344
0.18288303374
0.185686372491
0.142637282211
0.130334163859
0.161093161202
0.133976924334
0.157884273689
0.179651039972
0.204121523565
0.185549340252
0.144201679153
0.157979988621
0.147478192524
0.163548432237
0.16014341344
0.153565544426
0.150634262263
0.178433514195
0.141895881788
0.150260213055
0.162898595739
0.15211998295
0.157098383336
0.173316452384
0.15558670544
0.148304782827
0.167648198077
0.182155603231
0.1459425098
0.175894324409
0.143737874691
0.141979188331
0.145693028469
0.133286840567
0.15174340769
0.197370295987
0.152229564073
0.154685247308
0.158231635877
0.162368511511
0.158955045014
0.16984762911
0.144017296426
0.1311812049
0.147001714466
0.161632460059
0.141351819376
0.147464428672
0.166673169093
0.13800085416
0.15877817361
0.141357686332
0.134165495248
0.185808048074
0.154033747007
0.162052036814
0.133232681555
0.138770196933
0.168805412317
0.126439730626
0.193835653233
0.185459413105
0.192339459999
0.167680166006
0.153970589976
0.161513865855
0.147449244954
0.169211842827
0.171849319319
0.170169298408
0.142260353088
0.152137828333
0.151190028171
0.147626305533
0.161150222153
0.134273908098
0.150133180999
0.165968567181
0.159785207363
0.17091942894
0.167333895875
0.174865196351
0.191015521138
0.162483220121
0.141351213481
0.174900696728
0.193385971065
0.147241756956
0.168591385064
0.176585395313
0.155590358364
0.167775801302
0.144328472377
0.160430669982
0.147494463443
0.162430376898
0.177787640323
0.150384720204
0.158225232542
0.169575883294
0.145364264055
0.143345472596
0.148865044019
0.141585853986
0.135440995178
0.165334006887
0.174036839614
0.152050961467
0.179170039386
0.182699532988
0.138113642562
0.173786979907
0.179532818719
0.16069394554
0.183560630006
0.183125532091
0.164666174587
0.144328068789
0.158390491574
0.159139121286
0.151728296628
0.195667544715
0.185374213394
0.149266350447
0.124078355206
0.170430294151
0.165534733144
0.182200713502
0.204859409005
0.157366753793
0.153176781477
0.168063681867
0.182944153963
0.135355737099
0.183346673561
0.174495490829
0.14513072115
0.154962145864
0.155684058073
0.201726072269
0.144649388052
0.162623020703
0.108576132236
0.147114016057
0.174696238452
0.194219099214
0.193194785127
0.176832229227
0.175613468668
0.166756918634
0.160773016144
0.142103923004
0.181230080407
0.174902274312
0.141047214392
0.163615887663
0.154920632422
0.215845833619
0.176442836023
0.167903841136
0.159714533926
0.155871147871
0.161472955788
0.167308589833
0.161589162314
0.132834100708
0.140794960377
0.139371429816
0.170517210666
0.155707675496
0.155681541094
0.141155900023
0.124583865899
0.155379318224
0.159219205884
0.172041282431
0.143855848275
0.172372749
0.142621473409
0.147967445809
0.14695601421
0.165059821539
0.143278598449
0.158267826989
0.127435689781
0.141301792729
0.163454683535
0.150497424953
0.17031577979
0.143100323351
0.156788411791
0.158551866991
0.154435436414
0.165195202785
0.146526137204
0.195205541911
0.154589755461
0.139183832234
0.158970775881
0.166534808042
0.158015161038
0.170410581187
0.173223732664
0.167785201475
0.156064606028
0.13188061854
0.144324669533
0.159044911245
0.163394280814
0.146158962348
0.17318685033
0.163496916906
0.17027518208
0.153356296987
0.170527446565
0.117298378027
0.166700775093
0.17998928029
0.146973859008
0.13686267875
0.178371131907
0.13163342958
0.164823182494
0.140639634184
0.150995745707
0.161469462387
0.151943535633
0.185530236873
0.16984209131
0.183347056007
0.157032642349
0.178846752998
0.144960992658
0.180777064536
0.162875964992
0.144409916207
0.208003246374
0.161701089937
0.129133155517
0.202344507117
0.189339178469
0.144302585546
0.188927994287
0.17905076278
0.197713534035
0.176004057308
0.150252410877
0.171997132808
0.162039984847
0.154516206566
0.165574612155
0.142302516193
0.149802146105
0.171155922251
0.161740190196
0.13291474496
0.124048048839
0.128190454624
0.157672788304
0.131347020312
0.202333267322
0.160698936745
0.141152397018
0.195239152024
0.200775654096
0.18282564873
0.195183490996
0.199302217318
0.155527754881
0.154506872803
0.168692768231
0.146093744202
0.139696139938
0.162662290173
0.163770849125
0.15467337568
0.178120555472
0.148930441917
0.168237018991
0.160287548465
0.20153574009
0.177619281229
0.177817884672
0.158630397978
0.171590800055
0.152189675521
0.162927126943
0.190489811605
0.213723834484
0.1844995409
0.195467380939
0.161360582923
0.169515580868
0.142930306945
0.172894685663
0.205188959459
0.138795096831
0.171752596549
0.219091738294
0.192245220054
0.133463459156
0.126165385343
0.178737175052
0.139780004739
0.173385430407
0.162653478044
0.179535568017
0.162771540927
0.151990176934
0.166779883722
0.168297994489
0.164596047072
0.137429795112
0.168326229569
0.180461117039
0.181728383559
0.163163958017
0.202431905702
0.156818717157
0.162470544467
0.150253760516
0.152227369598
0.19911133734
0.137629322072
0.157783328557
0.153199865211
0.194488492137
0.173355653172
0.172642223134
0.141450644661
0.143324153871
0.154546650003
0.183671133561
0.161315316215
0.152598340005
0.140911534315
0.127663109361
0.170958906603
0.164822766372
0.172710248063
0.170774012593
0.156411618808
0.184847902684
0.158473113141
0.159425342794
0.127021877379
0.1619114032
0.199206483139
0.158271393694
0.149444108992
0.151659002986
0.164825803512
0.17406098783
0.15987963649
0.157654641621
0.153874869666
0.167228721038
0.158807056028
0.151830784628
0.155162611963
0.178714854056
0.162716659117
0.154141840958
0.16619218868
0.166971279102
0.218813130687
0.173793348575
0.190512861024
0.182273744226
0.173496024175
0.177956522513
0.179018978327
0.168383407416
0.186406709054
0.136952899819
0.19458996966
0.148999178033
0.145829419174
0.162889721478
0.195027920336
0.165282020706
0.143133126949
0.17528224115
0.180056655402
0.195957878535
0.148721788777
0.196904020501
0.184774321396
0.153388907759
0.180854584122
0.163651505649
0.186337383412
0.163670102015
0.148699685147
0.138625295911
0.20227624571
0.194897251766
0.149493914883
0.169190419093
0.158131144667
0.175502041872
0.194331347871
0.164825032624
0.155431791867
0.138154621306
0.146518938494
0.164163758463
0.179768611464
0.14235076649
0.158583045462
0.156257751158
0.160803517098
0.177560913099
0.166464841651
0.157835942679
0.159813436789
0.154239580609
0.153129046969
0.163624914001
0.180517796196
0.126773994104
0.151408625745
0.165713638396
0.15354289318
0.171742002394
0.170958956817
0.162717348499
0.156304838925
0.169838504745
0.14702670519
0.139989133316
0.190853834087
0.158961839704
0.172700125179
0.171047420512
0.140173704025
0.198537020285
0.158299228798
0.152139354685
0.133897724497
0.158442420555
0.144299635582
0.153752708753
0.182004275657
0.141125862835
0.145464234452
0.174681821613
0.158541795321
0.151095373895
0.180055780679
0.166152780036
0.163701135687
0.141381453179
0.125237270004
0.172407227593
0.166980519219
0.155947963004
0.153490496008
0.165320013245
0.180053501467
0.164045909211
0.173111166729
0.142858942482
0.162035404962
0.142400113563
0.184410439965
0.182025673722
0.160685433949
0.153668294033
0.145511556934
0.156238787446
0.156547355704
0.157272581032
0.160335530433
0.151834931025
0.154252201744
0.114534133823
0.154346736934
0.159358859187
0.16795969819
0.159023372602
0.142814432461
0.156394628978
0.163283587329
0.176365319513
0.17943442413
0.179401393402
0.151256675962
0.17394488926
0.15483960894
0.149864337145
0.176685667608
0.173767166769
0.170270051173
0.146397846404
0.15212276736
0.172725916762
0.195697782304
0.168551898732
0.149200300658
0.159591362351
0.171204443311
0.181853298755
0.174752810776
0.19812883996
0.163281780534
0.171022204873
0.166156898822
0.190667061482
0.161163291599
0.161646246764
0.155770307844
0.183350023527
0.161825528629
0.16537532586
0.15556547243
0.131587876009
0.151598554412
0.186052329165
0.180528607488
0.201596874523
0.146379273753
0.172616071651
0.165085248378
0.170207340397
0.158283980087
0.136108424428
0.13033031269
0.176149597499
0.159238097075
0.160512059631
0.228847998285
0.199843680527
0.20951014455
0.173365353046
0.174074051736
0.161268783336
0.174317946742
0.159390155917
0.157042394824
0.185053816513
0.157174298272
0.184229767774
0.16903227147
0.148954895671
0.171615011182
0.199785728813
0.192134503851
0.163852756518
0.155647115544
0.135475517121
0.147766607284
0.158621633398
0.161486987108
0.196755837388
0.230858702206
0.154512382235
0.146122915493
0.146898101898
0.142090569422
0.155935989256
0.167773619318
0.168804591758
0.174948626352
0.180115737982
0.213327039952
0.15771980121
0.176503775612
0.174313959081
0.150914705924
0.168746870531
0.149915457081
0.154762695302
0.178258232892
0.161359721264
0.155288861055
0.142376695219
0.187908069062
0.15774573616
0.168546664323
0.184114174944
0.151110219858
0.168204253606
0.163852252526
0.165953667071
0.164370478633
0.155768012768
0.15702285956
0.18457248534
0.138947536236
0.159555803298
0.194168070085
0.182443306957
0.154188142429
0.174159199644
0.164115547649
0.141994587476
0.12614189614
0.164549049648
0.142029071901
0.14400540483
0.176533918149
0.166960342262
0.183555180235
0.166610501615
0.152978009891
0.167571642608
0.183570668624
0.149466519536
0.182300276309
0.14808237208
0.157049814738
0.163401438669
0.152073647776
0.160700009683
0.153649674548
0.157050637875
0.170276889391
0.155944473047
0.170034697861
0.147836584351
0.158162335038
0.123160362483
0.135952703324
0.203964919292
0.167720549575
0.155165488846
0.159053864461
0.138117014347
0.142437720602
0.159330497159
0.131955275006
0.174615379658
0.170652878124
0.165380655953
0.147400956521
0.165357974563
0.146666752176
0.139706670555
0.175628248212
0.206278494017
0.167984123379
0.155814201542
0.182585474618
0.183064712965
0.158773047283
0.163384860082
0.184253884626
0.157265330283
0.161743361905
0.161273466144
0.140354375214
0.137689371518
0.142431780493
0.162147354596
0.157344144086
0.169052262103
0.183325934545
0.15146547854
0.155338142119
0.184567380689
0.167855849734
0.16847021932
0.202165488814
0.153205710976
0.164541064114
0.148214747295
0.149882638414
0.166867524262
0.163595111348
0.155594418772
0.143708063149
0.173230246788
0.180086104766
0.238819333632
0.165386873539
0.147975106695
0.165553997511
0.156877851253
0.164389639136
0.11315210858
0.153943402522
0.170829072944
0.145987793761
0.161392389398
0.142848399021
0.14944460429
0.1525529099
0.162314688451
0.176781788121
0.139222511947
0.173431309056
0.169427548118
0.138782580787
0.147435755681
0.15712636429
0.1530624091
0.171582968829
0.149590766038
0.134579065063
0.170661041445
0.136014494955
0.153153598677
0.230354627908
0.140782199784
0.164736162834
0.165208601021
0.15578319296
0.156034311109
0.176937643651
0.168398653554
0.172855376015
0.173335123283
0.168950168081
0.153146048905
0.146672445646
0.169683726883
0.157695516943
0.169825957999
0.14968758062
0.168742238427
0.178332296589
0.152249100906
0.137947021687
0.142530815855
0.1699021335
0.160944890634
0.148696564386
0.170491007
0.14857036847
0.175723066945
0.140025856753
0.142900846431
0.159873617928
0.145676188915
0.129143420195
0.168661485295
0.166596686439
0.184703706329
0.150733538355
0.19495543576
0.189217167523
0.14477952902
0.182287189797
0.159632179768
0.159678872832
0.163210831944
0.175756356449
0.182625871061
0.156985437104
0.170696848721
0.166244878783
0.168892446039
0.174580896478
0.160163845649
0.15813639946
0.13060209524
0.13074796442
0.165081200409
0.168607768573
0.180627331984
0.190502504598
0.210944216757
0.147724989493
0.164950176024
0.151683875608
0.14300853771
0.164504422052
0.141824797813
0.140114189361
0.186162206471
0.156025112683
0.158367647928
0.133419677568
0.130549880767
0.164796094543
0.149959339189
0.127092822604
0.168565271077
0.157858564935
0.155413300447
0.12565348359
0.155445702665
0.159665086583
0.164891401418
0.140915932026
0.147907765615
0.142419463983
0.14590796886
0.144920778863
0.175014008917
0.191677088186
0.148693838744
0.113010701299
0.131109100397
0.152951196452
0.20731295859
0.211068203749
0.194978335026
0.152983545378
0.148017155377
0.153917457944
0.156826575307
0.137568687431
0.199518614163
0.161391707606
0.169037680367
0.186543892699
0.175566687276
0.168662195094
0.143284692191
0.182514796186
0.139381932839
0.201121655941
0.168023149419
0.177232019071
0.176499545484
0.1674650003
0.17809341243
0.186368532477
0.23424956348
0.180485120436
0.15492205061
0.1979387819
0.153518527015
0.164270690085
0.178323594251
0.165875624758
0.17042094357
0.153897167059
0.19434426554
0.174781798366
0.15735463387
0.148352264131
0.15184037838
0.16146991428
0.161901653488
0.175906819169
0.156906735206
0.172997810542
0.173559643043
0.213081959632
0.162704580921
0.153144509926
0.156708470792
0.172328912515
0.178959545655
0.141024247766
0.168533282548
0.142832887646
0.120114282226
0.17095943027
0.187128145613
0.167068752707
0.172173566397
0.135983383072
0.166637974359
0.154826924962
0.199215726713
0.175538914036
0.146618347686
0.135086440935
0.126944079492
0.179854432571
0.177439563865
0.158897187764
0.166265304746
0.124492541546
0.137243371425
0.146006118577
0.13382882395
0.139178620832
0.156523774615
0.156014874822
0.149556318492
0.154493429299
0.188809832105
0.162745522287
0.185235202006
0.170362211079
0.17861995321
0.155052219741
0.148597668532
0.134256549698
0.169955460618
0.141270276946
0.210783590337
0.150601126893
0.188067640485
0.156802921016
0.15568368321
0.174348080543
0.146531013186
0.144473265428
0.174676297651
0.149874317077
0.164774258818
0.160212164822
0.136429360085
0.149623139326
0.149266158895
0.170192748317
0.170593803991
0.213298338457
0.170168332138
0.158342733252
0.156550883987
0.19059294027
0.176725514582
0.164364789873
0.188045160085
0.178591057584
0.159088813189
0.152400479313
0.17092753175
0.174428795932
0.18413835586
0.16826020205
0.15767006187
0.120878161361
0.149289437856
0.155225829041
0.163092000578
0.159963402876
0.157044896535
0.142674559894
0.151977254234
0.154751032147
0.180384204859
0.166398621864
0.178324081732
0.172337344766
0.170214396404
0.174173936641
0.152658940257
0.163495656315
0.133479473589
0.174789459683
0.12639806672
0.173868689912
0.151021836496
0.130742299188
0.140103746197
0.159316157489
0.181782741227
0.153017060781
0.151177807376
0.142316885656
0.129981865294
0.155338604717
0.155780181915
0.127147945531
0.146603688133
0.158299638663
0.141562608249
0.159157036412
0.154911418579
0.149311669866
0.163219282696
0.165933202754
0.112874606602
0.141628457548
0.16946531403
0.140229605991
0.158412206704
0.17552892429
0.178853358126
0.171987476475
0.164201018151
0.156941916478
0.173367658405
0.189798917245
0.1439688604
0.130924718742
0.160525550495
0.173870316393
0.157298132152
0.160275061795
0.158268806601
0.153950080346
0.142997355453
0.188171578268
0.157071892334
0.149401873031
0.178315942546
0.15141226519
0.149170696693
0.159309039161
0.170145744421
0.129557311584
0.135407978233
0.158535662668
0.160098300729
0.166473900936
0.14606434406
0.145757299332
0.149662298591
0.143513973284
0.159938001467
0.162550126968
0.159697022983
0.130970350035
0.143321216084
0.146905237283
0.159772288478
0.124841504508
0.153281431128
0.14114049048
0.158266721894
0.151554614864
0.15237714354
0.150493084242
0.152547879221
0.137192643051
0.157866607561
0.14392100485
0.167168828951
0.136586715744
0.168808583193
0.146203328241
0.134790701043
0.133722113838
0.146444485256
0.155885364064
0.153210518019
0.153526002188
0.145453712812
0.139766982532
0.139857212213
0.146520796914
0.132989206387
0.144169183771
0.133111481478
0.150216603489
0.13282557157
0.162861921167
0.179435394897
0.160544598
0.131348874286
0.149659270213
0.212221877327
0.147617637091
0.187247855287
0.155382154752
0.187800157198
0.152902930626
0.144202310668
0.150170092419
0.151642786333
0.147093002177
0.15297941144
0.178398088631
0.152055940071
0.16851666366
0.159067507618
0.16554433258
0.162321901741
0.156088155139
0.149519803139
0.147220991914
0.183620473596
0.142491479849
0.159006814995
0.125098209246
0.145364717161
0.140870075235
0.139814736012
0.13892459281
0.136059939566
0.131378454592
0.153724765852
0.177988722512
0.164931143484
0.136497573471
0.153639383422
0.163538856874
0.151043518749
0.176694321107
0.156163421663
0.18717363246
0.157122693122
0.193895867013
0.172896263138
0.153853488807
0.142656952083
0.162528963777
0.157964619502
0.163229209983
0.148189430768
0.151541676181
0.144442218859
0.148398587735
0.141744402937
0.157937123461
0.151009779854
0.167226251608
0.169858619614
0.126903258385
0.13430272401
0.147257303027
0.129405492466
0.122521547899
0.183688924543
0.210194706304
0.183872736173
0.141729084664
0.168874795904
0.171931590231
0.141246256421
0.141938441233
0.153573008865
0.13989187484
0.140614859689
0.18241150053
0.145414205453
0.133537637554
0.178500790897
0.154205390974
0.138462757439
0.157606959186
0.15783787202
0.209499426202
0.144519265916
0.132546880757
0.152682259514
0.168439045398
0.144928579685
0.192783529051
0.156716493781
0.165960001138
0.150104391033
0.154915020129
0.183588223806
0.15889722253
0.242879096098
0.156915868801
0.159987355187
0.188111932704
0.168292125635
0.138040856
0.162900551596
0.175275169202
0.140014868076
0.173917856143
0.137964120151
0.139709740893
0.163975080774
0.150888543351
0.166666454163
0.131177457079
0.162490237742
0.148507436588
0.12136547504
0.168340760513
0.143674510991
0.147871694737
0.121599526124
0.153156991241
0.189635707957
0.136585518514
0.177384433588
0.153232098841
0.136029148733
0.142725263322
0.144050631597
0.159258580073
0.138629911453
0.180858212179
0.167648465523
0.143363265985
0.161741861789
0.150479279558
0.124770226823
0.136956666229
0.14460929723
0.158224025884
0.188787804773
0.143864724662
0.143330406231
0.135271109486
0.159226656268
0.127525613196
0.135541085325
0.136445914808
0.133660409953
0.136746774583
0.207364248291
0.148453268595
0.131001122659
0.132741494775
0.160894183752
0.163337490203
0.160829869528
0.185563363641
0.164518622372
0.161588083028
0.148132206387
0.168609037379
0.159395336821
0.163201185998
0.156434527999
0.14738652646
0.120865732828
0.140178489855
0.150210078454
0.146365743168
0.147719120311
0.156351128323
0.15329203839
0.167269403349
0.161275529529
0.167136785166
0.154246617614
0.115814683153
0.139150776074
0.171648121867
0.155711281153
0.16922630092
0.154567200544
0.163041492481
0.191890465335
0.172164122244
0.155965594096
0.156381176696
0.122642822772
0.156772615172
0.13358181554
0.141247793877
0.149748387136
0.16848142565
0.144571186828
0.162806320908
0.168258767509
0.145327631378
0.160460113691
0.151282166687
0.140447813352
0.169474795832
0.171485348571
0.15079857598
0.164943676684
0.150178049669
0.127855809518
0.138034598054
0.1371121624
0.151356863029
0.147007981689
0.120105081421
0.147715369743
0.174021274218
0.137559225907
0.176644945984
0.137502468057
0.140702022998
0.133483874506
0.160479269614
0.157972319642
0.162186936749
0.142402865206
0.14177895731
0.128826066546
0.140978022908
0.137606306537
0.142537019665
0.16081512358
0.137238248845
0.161444756242
0.146514597633
0.163055551599
0.137372248934
0.166464377853
0.153163486626
0.149954601061
0.144073240129
0.153215281121
0.145242183223
0.146946882397
0.138012946271
0.164804534494
0.142111460476
0.136557321827
0.116612766097
0.145472559124
0.111293820359
0.143903207779
0.158506378319
0.160241194496
0.143812461331
0.127852991233
0.172303403347
0.144803620543
0.156810534879
0.148669319278
0.158827044366
0.151437927898
0.17096292047
0.157449343746
0.175916901454
0.187493886782
0.143684675341
0.158887250962
0.139663133956
0.166889928851
0.148783207506
0.134361787083
0.135078462428
0.155344903345
0.160831423049
0.14412503172
0.130541164498
0.162188099914
0.143216561993
0.139965798489
0.159049597235
0.162449416025
0.156656436441
0.141786380831
0.148247231333
0.149501317678
0.139580528552
0.180962372759
0.16393525358
0.157198648777
0.151183897846
0.140578793795
0.154861805683
0.13454049205
0.159033864925
0.122067198109
0.152492414442
0.141711377273
0.145902434263
0.160971001386
0.177211816718
0.131212986275
0.151440876063
0.17686063483
0.150001267706
0.165654328818
0.12413557966
0.126913286558
0.134618356419
0.144643129199
0.183682431538
0.153164677756
0.129373627814
0.152005154579
0.184387718718
0.157023966781
0.123385412687
0.151675500806
0.179417026597
0.168792087631
0.167244466687
0.16719586332
0.154074160559
0.140873135136
0.148281147954
0.166839328423
0.197116039357
0.154746243708
0.163729790452
0.137184279944
0.138881082801
0.151223305401
0.19649268222
0.143640281776
0.12464657337
0.165375933874
0.147455593857
0.146384070756
0.141809694382
0.167332572098
0.130903877732
0.188164491341
0.165060225572
0.132089045964
0.180403654611
0.128399153953
0.148259475627
0.153280349249
0.165754460826
0.1317927257
0.146709283294
0.133196064759
0.175289592237
0.168686686351
0.17703164061
0.131808280553
0.138117779321
0.193338913771
0.146831340862
0.138639780313
0.134522403106
0.148198046217
0.170682816877
0.171171545531
0.154766327247
0.123909182281
0.158276325521
0.146508030329
0.146443430186
0.129219452081
0.131356381196
0.249121608441
0.186445148707
0.15059115998
0.169605030185
0.154109732624
0.145692975751
0.142056920592
0.141292526112
0.145151438411
0.142462309465
0.168311672734
0.154925469675
0.179387057947
0.156839634398
0.127374960496
0.132663522551
0.16503707668
0.165856748676
0.184985619106
0.180250550538
0.17232413706
0.138012537273
0.170328284708
0.151184679301
0.164688056445
0.165930425335
0.155183577552
0.182185120021
0.172224967458
0.177796232256
0.161658102257
0.153899723563
0.150137608194
0.147395331891
0.137434858127
0.121869105036
0.150414897137
0.172358126268
0.147578956786
0.232356702614
0.151095166078
0.156255297406
0.129819756416
0.150211560527
0.14313110195
0.127558493222
0.136423601283
0.1484489806
0.16323939747
0.160387220391
0.128029432673
0.169308344965
0.150560023958
0.115835330062
0.129265390346
0.152026974118
0.138569908953
0.177885915739
0.163742080029
0.14518663169
0.143821852854
0.130419763172
0.16954038836
0.156838426728
0.148576682881
0.13986241828
0.157898308923
0.150325019216
0.153070611116
0.160900147166
0.156687038624
0.162884464985
0.180716736941
0.223173503298
0.15092502539
0.155005733305
0.168583091715
0.146717836671
0.168377066861
0.161525070064
0.137177853189
0.149291909824
0.171330928412
0.197253746015
0.154728074703
0.140438684903
0.18174387429
0.182134943092
0.169305881296
0.146356557818
0.17813162851
0.156174156666
0.134887619653
0.131172027509
0.150438266491
0.154874658463
0.12787318944
0.163660702604
0.144873538605
0.20347015314
0.144338832424
0.16256719594
0.134822229943
0.167928244965
0.15242698169
0.136029827551
0.143284618233
0.136242740915
0.124738443552
0.149121859969
0.131163577279
0.156750341382
0.195047249939
0.154700236864
0.156643975478
0.151052055616
0.1559658048
0.155038236251
0.179411720193
0.196037872933
0.135141467928
0.108311313101
0.164434186663
0.129065499222
0.168038481292
0.156775657889
0.17132921893
0.184156832654
0.142422270172
0.160729998296
0.150901632251
0.139326409712
0.152075111564
0.146865558365
0.13202373523
0.174264105316
0.16164806247
0.152132766226
0.131949963292
0.122260372972
0.152432974315
0.148687068812
0.161828491334
0.129574155286
0.149974345966
0.148844988363
0.143272475446
0.145470544621
0.151558653661
0.153154625257
0.148510986877
0.117000952948
0.12691149149
0.117737231905
0.163054354925
0.180652519554
0.159139638343
0.174402465992
0.175097885147
0.139986205537
0.161878262842
0.183774636531
0.164208099332
0.125548739228
0.1705650969
0.176091923016
0.18613319892
0.155878246475
0.154787409589
0.186227836185
0.150506347045
0.179430460937
0.188643274162
0.153657395317
0.162944156909
0.152927427293
0.124486440138
0.142354744381
0.153522435541
0.187991190269
0.174201070413
0.205340665978
0.148257807374
0.164704006655
0.153656393849
0.173289697452
0.160841579589
0.139446203926
0.137326766693
0.134695602116
0.155012852611
0.125810294565
0.175314075672
0.16810922857
0.196050389055
0.153161679216
0.168289510493
0.144185486617
0.15616914117
0.157871866668
0.131205977899
0.133657254146
0.168664372323
0.146870956175
0.136149047664
0.129983500298
0.166455448823
0.140788869609
0.155971898165
0.198393632853
0.153057205005
0.182883677571
0.161575912776
0.169190857569
0.155925014869
0.16932151729
0.152405405307
0.246297740003
0.154395639087
0.144792619676
0.140070573673
0.12640579583
0.153420745235
0.137163146842
0.146769955379
0.16490630304
0.156441896503
0.149719697779
0.150190568711
0.19624063135
0.148399194728
0.149100870886
0.148138887994
0.176275135403
0.135818435954
0.133869014207
0.14656982216
0.148047190217
0.1519145246
0.149156622088
0.149116501
0.149557033799
0.192437052708
0.12887517182
0.161476330817
0.162763920585
0.123064479872
0.146323477149
0.133199153191
0.170251561565
0.160975770571
0.172308227852
0.133205732329
0.129569519105
0.13864751072
0.15268634853
0.171101403138
0.179039042498
0.135814924073
0.131490118943
0.124261157773
0.156903123147
0.132501895893
0.147046946609
0.173520777087
0.138952031427
0.161812481864
0.123256748621
0.153933595535
0.137810918902
0.143023487218
0.129835963772
0.126819873202
0.151852492093
0.174443289654
0.122335997211
0.145685801237
0.135068048567
0.140008682297
0.134785242438
0.147663881877
0.139469758307
0.193955662328
0.147741810221
0.146760571862
0.145519339209
0.143795790348
0.138625320869
0.151594817888
0.156704155457
0.148955631811
0.154170282065
0.14172603333
0.176282378312
0.159349097805
0.187215799292
0.181406379899
0.163284509098
0.138905610595
0.134712380489
0.162020654127
0.150078625099
0.155801932524
0.136452381629
0.141417193501
0.162419483046
0.171034159721
0.186411226592
0.145668497872
0.175786040817
0.14116674271
0.161963941049
0.161503489938
0.124247029525
0.178976280183
0.183311975104
0.142217669924
0.163205921236
0.14998607092
0.124041500043
0.154700863344
0.155119112285
0.145740070306
0.147572547526
0.173922981144
0.158079011123
0.124149256386
0.152195870801
0.160436623137
0.126657601675
0.153369989798
0.167262546264
0.158813328939
0.129226323981
0.138822249495
0.15348349787
0.150132318387
0.171344293303
0.187729977232
0.160325090363
0.128856608611
0.124194862747
0.152841337722
0.171449405425
0.152781313075
0.175571696574
0.163711947239
0.140912553862
0.15194298095
0.135170655192
0.163553594293
0.147413245371
0.159609550588
0.139626337862
0.148690854325
0.152300199531
0.182213812461
0.142665231528
0.18398195912
0.16283961862
0.167352656897
0.149526430076
0.136429336683
0.146861883516
0.1547518613
0.135738896197
0.168229176787
0.155329834274
0.125386111612
0.133982851242
0.175105053206
0.157997773819
0.128897286469
0.147134779945
0.125090180721
0.132988182056
0.162083451542
0.157092238393
0.162068445031
0.213361521689
0.136045302101
0.143542205154
0.139680897045
0.132527329476
0.134607624605
0.141140484669
0.137807944935
0.152375650934
0.134079738982
0.196957128945
0.166149530728
0.165370439377
0.150769965192
0.172544895201
0.146169590407
0.146274209408
0.173653378781
0.146819190994
0.171727211564
0.153420582701
0.157456273949
0.141266133441
0.140646352341
0.141462592805
0.139514106986
0.150443400058
0.165751485263
0.158777669248
0.143011992433
0.151703790866
0.15117459843
0.152916495515
0.156927105147
0.146603571019
0.147367462749
0.15161547662
0.169456415418
0.13309360916
0.123008087921
0.146572057533
0.14553323141
0.178203934117
0.157439796342
0.143185465456
0.144444356055
0.12632351267
0.158710706112
0.126097230042
0.162659387055
0.155163850108
0.125177618638
0.131653659278
0.142428209611
0.216969110499
0.166580279157
0.162160034635
0.136563310869
0.142197546345
0.154169602498
0.140668299107
0.154888117709
0.157355082563
0.138199756295
0.161919559149
0.15879110621
0.152135970715
0.137629542935
0.157653883507
0.115278047
0.172535350968
0.149632720048
0.169056538394
0.143581277566
0.134955444112
0.155685469605
0.134980198129
0.146506192197
0.15297338745
0.135408465099
0.142709542387
0.140582486452
0.129107304576
0.147612178802
0.129146183247
0.140174551287
0.146529419677
0.14787617495
0.153272474877
0.127400424037
0.129664642492
0.136321779562
0.145244039353
0.147413921936
0.136747962109
0.141943527278
0.180752374446
0.158976442926
0.162011020114
0.160974421016
0.144369572572
0.150301409769
0.129125340004
0.16830326786
0.129409716021
0.131387282298
0.140047714239
0.145961377275
0.154815397756
0.132970303202
0.138468628002
0.166313808726
0.135310257659
0.149567686589
0.119625195099
0.188214908525
0.157729921327
0.143495622906
0.126878580681
0.162430286426
0.143210811746
0.155982669556
0.169622253807
0.151083872992
0.145457256395
0.178369128584
0.142627838333
0.145524535958
0.150344512376
0.171526750493
0.147351930349
0.144606679087
0.133000613859
0.139289837463
0.13909356794
0.15865957342
0.179889641421
0.138291507306
0.157474010236
0.132894168299
0.137959796665
0.14696631411
0.180786004444
0.151442375445
0.162556720135
0.150409074032
0.191549704644
0.159294730403
0.126215739562
0.145017400239
0.186141262881
0.134284725687
0.131986259746
0.161363853525
0.144457107312
0.165416942934
0.144709281413
0.137983464682
0.147617951481
0.160545405183
0.142816636112
0.139612439104
0.131969296862
0.128287758327
0.158866590587
0.199331967442
0.157041165218
0.172548229445
0.189861301808
0.208584727971
0.157174450357
0.147965018312
0.178522416276
0.143193023481
0.137645392979
0.172505251842
0.153652545183
0.146608339288
0.179899166587
0.133209109935
0.154214432313
0.147879184428
0.144877045163
0.139463175791
0.140092265341
0.134100219532
0.145585519261
0.127878752543
0.156102020614
0.148435203784
0.158806368104
0.118918111051
0.15464471005
0.152623235889
0.146277646229
0.147724226241
0.121585640652
0.165888007749
0.138396035839
0.122218397105
0.160505422571
0.134963380129
0.130266911728
0.140831543474
0.168776002183
0.13733782851
0.181816714367
0.143991124751
0.140693273753
0.188806351582
0.146398393661
0.164188906274
0.167839604779
0.154814890143
0.186698078852
0.137631678711
0.152605020302
0.152156943375
0.146223615256
0.16522981137
0.160114609221
0.149336048075
0.155298469984
0.159227698338
0.164849572971
0.172621705159
0.173897728502
0.161627198685
0.130960167714
0.12709250031
0.140654166918
0.1300483428
0.139603032512
0.155335731036
0.154875178729
0.146609405124
0.18165664599
0.146707394692
0.169818943574
0.132038217967
0.152993987806
0.159318130232
0.116205798102
0.149724984127
0.140040880538
0.160375264774
0.167398110029
0.147651717029
0.156943741949
0.164540100193
0.144420245659
0.1609285873
0.144017246763
0.123413598019
0.165147433399
0.153370056718
0.158352685758
0.130821785038
0.136845600268
0.166831612921
0.131273498303
0.13464044648
0.1710328608
0.156135444925
0.147232271091
0.151938884041
0.161817699579
0.147604666492
0.105362013577
0.199542418767
0.183967449945
0.162815467612
0.13411424272
0.144032048831
0.130358890674
0.131307936555
0.141637413079
0.161074692381
0.183252742452
0.140698113223
0.142959132009
0.126218878972
0.127699354021
0.153907681735
0.1465772843
0.15389121133
0.155919139058
0.134771671566
0.170797344665
0.157296789933
0.157061199947
0.13927724725
0.150943569508
0.132640774644
0.157073110832
0.142577643917
0.141153732479
0.150944928707
0.146587008699
0.135916856752
0.17336494949
0.156325365516
0.140702908712
0.145221704747
0.148121830328
0.142044380754
0.136129790283
0.183661417227
0.161493963842
0.132672404153
0.179498311459
0.145127867054
0.147769046625
0.175313308195
0.157158891497
0.164862538733
0.117545164065
0.146613489024
0.163557508218
0.180225811702
0.136312533901
0.144055808748
0.151843342696
0.16496656118
0.148348461303
0.139344837511
0.150765086585
0.117477750485
0.152958624613
0.159511671386
0.12614012962
0.146898376915
0.130654468409
0.136826082081
0.174738848624
0.139124930686
0.128182345266
0.113266687454
0.181178002196
0.131682251975
0.144808744977
0.144320348402
0.156672700457
0.137432362148
0.147346490551
0.149618437395
0.145254557144
0.163169010616
0.158494473538
0.155111034817
0.134722435723
0.158895758716
0.144509077871
0.125403389146
0.119399921927
0.160846135954
0.136982222658
0.176102920133
0.150988695311
0.127222535439
0.136440709242
0.13716359325
0.147515444642
0.151812397298
0.142886247641
0.145485278382
0.165337841034
0.142233340656
0.136424481961
0.154986388014
0.134600946775
0.131261067197
0.154672956833
0.137196817889
0.134243699257
0.132586893224
0.158545280902
0.141291237584
0.136097365223
0.161874147228
0.188611237002
0.180461779992
0.159878495791
0.197038059005
0.181560471817
0.138625540794
0.132207491076
0.157887434995
0.167445591136
0.170805249952
0.155123968194
0.142408402857
0.131975996728
0.144736721215
0.131850688278
0.146904015875
0.143843061781
0.13273750527
0.188565120717
0.118639903272
0.174594656021
0.156882641701
0.137097492481
0.122610412683
0.142303071
0.141694280059
0.154148668506
0.18323739863
0.140931368932
0.126097251238
0.143105110636
0.151919985701
0.137819747839
0.136317872342
0.132030360002
0.15573844751
0.163276786038
0.15160314728
0.109330500913
0.124176545218
0.146873953961
0.140648886665
0.163799537246
0.179553196669
0.20606889349
0.145892294258
0.146752503102
0.170367437261
0.155624453752
0.165139700903
0.168852235909
0.179574539625
0.142626726499
0.178960756196
0.171855471831
0.213412784021
0.163758757575
0.159993943507
0.145430122681
0.155797222195
0.12724115914
0.12585584975
0.147531558223
0.181889369988
0.127333700394
0.153515092384
0.177211516178
0.16180739412
0.173609785044
0.152800460978
0.149494601705
0.157038257927
0.143204931282
0.129485901525
0.170288866358
0.1492163501
0.146891050412
0.168994432416
0.17700729692
0.136500156935
0.135877391757
0.126150899486
0.147133842043
0.134067548653
0.159926094737
0.125427514447
0.162590234624
0.166539365544
0.186627504545
0.15960014173
0.112029201937
0.142585603814
0.133069122602
0.150846715792
0.153985631833
0.158169731152
0.153988070151
0.165406975702
0.166863095073
0.122051317108
0.159022936047
0.187832472192
0.208442100201
0.141007284531
0.157205432115
0.168571780131
0.154049389552
0.140667110187
0.156745924735
0.135110060656
0.124245944339
0.1375627795
0.155765249123
0.154841218737
0.149345028016
0.138862927466
0.140497756361
0.191407858915
0.212627453211
0.154857857524
0.130817260038
0.14226217149
0.124284393139
0.174520735259
0.138266963828
0.148080923845
0.159011841326
0.126849507767
0.13585408659
0.176367099703
0.130029575044
0.147090139017
0.139997432295
0.120180587887
0.135830961655
0.170834998785
0.14226587218
0.132214508955
0.156701101456
0.1699728084
0.175022731645
0.153352368658
0.163480981704
0.20010379594
0.149815217749
0.175217419431
0.138103187295
0.148666875711
0.14856244702
0.172713206862
0.154314386079
0.139088005158
0.147601787658
0.154506099247
0.154101433278
0.160463333399
0.150923003257
0.206521122331
0.189868678028
0.161571822845
0.164004836637
0.152916024359
0.171531411215
0.154554611171
0.149692612763
0.126785538533
0.171332341206
0.112949128915
0.149985325999
0.167485974135
0.198714779452
0.137806742548
0.135215190479
0.134876448263
0.160458626511
0.221793864197
0.161934705988
0.141596314434
0.137815230655
0.136503243598
0.130236740449
0.169107344811
0.172443580128
0.145326382462
0.139431450349
0.154052900694
0.16294520596
0.271531866052
0.153310918183
0.160616847
0.147171613173
0.154556686458
0.157427232212
0.133046926935
0.148109096044
0.152566898606
0.14783718776
0.126352446223
0.189561025804
0.159851786215
0.157250022972
0.155203905575
0.172872673667
0.147601369466
0.140214059037
0.224374067731
0.146469961245
0.170835009732
0.157723974414
0.14145206987
0.154517480189
0.145444674251
0.143258270667
0.14550355915
0.145094447607
0.144795111471
0.144967941402
0.136533508168
0.125832066565
0.141781774272
0.173968613784
0.144453035359
0.139335641232
0.160791784121
0.148798034711
0.142876763627
0.169296670159
0.156582511494
0.137840455949
0.137988799606
0.122839225658
0.176827847383
0.146158104936
0.169738168708
0.147428662674
0.13179944918
0.144041809494
0.160538321687
0.140087554235
0.122980869475
0.161645025038
0.136588201569
0.185624193094
0.130882056616
0.143925495988
0.129361370946
0.129292878909
0.156075865028
0.146551478487
0.14697982315
0.157684934516
0.123296894537
0.117613398547
0.15846009458
0.130571500189
0.168722436636
0.134733267614
0.166057658387
0.119688782879
0.153180877593
0.204691298118
0.161869116635
0.146684926098
0.156687827407
0.133781936352
0.152615115949
0.158871281133
0.134281163126
0.135346633025
0.16172110588
0.121484898675
0.15759263457
0.156806191605
0.160349171824
0.152888171377
0.141137942102
0.136432983373
0.142137386886
0.127602479076
0.153914039099
0.125549234652
0.185740023745
0.169710816815
0.120180291715
0.15642620867
0.167600760877
0.164232162475
0.165746907083
0.158632887325
0.137007702387
0.123989694889
0.127754430212
0.152905938336
0.162626230996
0.121968842346
0.153840729485
0.169653754889
0.132159970629
0.165606691494
0.157868887598
0.1691138136
0.220881571594
0.142824312695
0.139707831824
0.160816258286
0.161634132042
0.159787874334
0.159937305378
0.153371278407
0.143599362224
0.126375637506
0.136966535616
0.155365725467
0.159411511728
0.142153568241
0.141113757378
0.140753184864
0.139393404219
0.165771784225
0.158569511978
0.150946581233
0.153947770498
0.144969547397
0.147792184238
0.134523464893
0.160815618906
0.169159682479
0.166804757307
0.129916386603
0.148524677844
0.163430409838
0.13531013891
0.18194565132
0.126380418454
0.153310736609
0.165044145235
0.15118930938
0.15474302486
0.194000902543
0.161845143006
0.125808021352
0.139450295838
0.128996358545
0.127844108579
0.14343795717
0.142946771416
0.162718113412
0.146084802692
0.137599338545
0.14486721789
0.132241524734
0.143360482721
0.140020358123
0.127883785202
0.13784584907
0.145983584881
0.149084234719
0.128709739137
0.145280331297
0.140572611688
0.148037669449
0.140371505979
0.162457332146
0.160480323715
0.1403313694
0.156484953609
0.158963021028
0.160413959191
0.153091853543
0.131581100712
0.152289108622
0.15857271477
0.122837412771
0.129291718254
0.17486947895
0.150272430046
0.141939372868
0.133630880782
0.138846237427
0.149227908156
0.143975447099
0.156036456046
0.170659109529
0.136383170203
0.115012902982
0.174721889423
0.123895666364
0.14605353089
0.151890913891
0.124307831962
0.134833512369
0.149584388727
0.152430385813
0.161181434774
0.146563842362
0.172811548615
0.115549091673
0.178734122936
0.135816174593
0.150248496543
0.138331842253
0.211673275585
0.231904670335
0.158288118577
0.169508592782
0.163903618786
0.172234528892
0.21115799932
0.133282837753
0.148321846478
0.152567132871
0.158654947051
0.138284996225
0.156082130597
0.129029628519
0.133513805522
0.14694805237
0.164695555913
0.148382961943
0.15735216505
0.165728098832
0.145729316102
0.158264913173
0.138129827408
0.148433976933
0.120811727745
0.146467597226
0.124854486887
0.133814842633
0.15849270596
0.161272981241
0.132191080596
0.133591904108
0.109991722712
0.152014764118
0.197637980753
0.133989450012
0.165220790638
0.134969558922
0.144790647107
0.13278828751
0.11382199897
0.140811453956
0.157337371869
0.153581830344
0.147716182129
0.149493290057
0.129028220938
0.151382631172
0.143939561371
0.130292526629
0.10431583639
0.118637248633
0.15034242114
0.125532524685
0.131061271237
0.206246872482
0.134660221046
0.124912161733
0.130874855344
0.161011447305
0.133122773494
0.124069441733
0.119373381243
0.13503473155
0.119267127043
0.138390341225
0.199319797528
0.143892199191
0.145693181663
0.125380467502
0.157032041023
0.173130786845
0.14061835069
0.13432420393
0.123348917807
0.125327129014
0.142970340343
0.179523468514
0.195445911094
0.152954480558
0.131202366334
0.149383327697
0.123417539104
0.139324880464
0.142718349615
0.152661791328
0.166846765242
0.138231387473
0.16650761491
0.163712640897
0.136779944894
0.126476581243
0.132449757852
0.157113051272
0.160655355177
0.121486808586
0.129905820706
0.160837083515
0.132247014885
0.133470865293
0.171754501554
0.181821864909
0.14696616659
0.149575697403
0.132237306951
0.187619579566
0.131747994843
0.124656774276
0.13451795643
0.14776351605
0.13786080991
0.153315810467
0.152579373375
0.131842015978
0.161378782533
0.129869423698
0.174989197634
0.142105552738
0.148395299437
0.146068564669
0.153263996401
0.14442864634
0.159770976751
0.161461791716
0.142761107096
0.163674119597
0.149586275304
0.168009379258
0.148149848752
0.123738014528
0.137108705221
0.159052051758
0.164031900427
0.142037321014
0.155903542106
0.133958603458
0.200034249428
0.149105810402
0.144754804265
0.123806100057
0.129259588156
0.15785865869
0.139909444126
0.143637711184
0.148066964881
0.140112519971
0.146202840852
0.145808538169
0.127405053471
0.181764423091
0.145653679892
0.181483784128
0.18734883702
0.140694893868
0.12776321253
0.144616001407
0.147411362528
0.127803988134
0.133619485317
0.150157231305
0.201508591879
0.143771132171
0.130684114519
0.158738092349
0.159510323584
0.144746945212
0.113395679294
0.154333853596
0.142514636911
0.122279096295
0.119907409953
0.132343414061
0.162915861496
0.147430066066
0.156365124917
0.133796171591
0.120837228942
0.148976403638
0.127194639498
0.13074930581
0.128063330828
0.15434337703
0.144584761866
0.127987172062
0.196348754644
0.146988577867
0.170280989885
0.157105744036
0.145591552084
0.154934848143
0.138831807879
0.114732447972
0.138460776471
0.146481391579
0.133034462206
0.131333853073
0.129357126085
0.140384100364
0.168633416083
0.157540910804
0.123634852548
0.129789267867
0.144014208104
0.150472634044
0.167157334221
0.139235465824
0.139118892867
0.120657090962
0.118362507096
0.193026921803
0.140932233121
0.143553895701
0.169138082439
0.130324546343
0.130838585662
0.143576985948
0.144246719324
0.164710295499
0.116109807171
0.16947594439
0.177128096683
0.134321119898
0.151805914505
0.17127798553
0.152048429641
0.140117690315
0.13508656383
0.151987442074
0.145713395402
0.145139101768
0.173973876677
0.142178375667
0.152037963018
0.134152118367
0.15806370499
0.137897449094
0.159886401381
0.170992096773
0.140639678602
0.12567969574
0.136424117223
0.155011153757
0.285288077056
0.135280352661
0.155452709522
0.148204959151
0.14965020348
0.180548469955
0.165599950499
0.162594080217
0.143020630421
0.145278597596
0.137856669906
0.156114427116
0.160752096759
0.147324907867
0.129662365911
0.174732356037
0.12714180784
0.154885217157
0.215827516629
0.141451032537
0.154468568321
0.173977176298
0.128528549991
0.120478714707
0.167813728437
0.155452681723
0.135787947612
0.150879374984
0.137744692183
0.150221594064
0.168153664178
0.169576916153
0.161985012136
0.138927463461
0.157813897226
0.135035906812
0.150962831421
0.134439460353
0.167386003351
0.159776774587
0.117295725644
0.138631778118
0.141257142308
0.154552116877
0.138155091351
0.162691262669
0.163891400128
0.149120363198
0.132353179602
0.138126271319
0.176677745884
0.165021205717
0.135444469634
0.111522859689
0.140114597238
0.168018438889
0.135112070615
0.158903434738
0.138080349743
0.130183375625
0.136420317538
0.155685514458
0.17835828932
0.128128215846
0.132497030771
0.123458783498
0.144679846615
0.131095100852
0.145132433323
0.137756979001
0.151849234935
0.166023861603
0.134858456821
0.138817297767
0.124079508726
0.134821723237
0.110225621128
0.163641978353
0.122522106155
0.149396807174
0.15962806571
0.174387660511
0.152787687349
0.121120390788
0.130142864458
0.177194664775
0.124481872399
0.172750732013
0.152619042151
0.137113274617
0.161962781671
0.148212635621
0.135252223301
0.135717935895
0.142297247825
0.171709710353
0.141677061238
0.202903011129
0.132196001709
0.13904322223
0.154767936811
0.1430246588
0.131972402352
0.178476828649
0.122970978611
0.133298997868
0.131668144255
0.147713536992
0.173909174962
0.146102057789
0.130601790772
0.128331014612
0.14409003829
0.122914829325
0.150677302411
0.148171587463
0.144640912382
0.131427065079
0.161095759241
0.129821168411
0.148719822455
0.132109476921
0.140625280149
0.155490691099
0.179991076889
0.117464668934
0.151389717047
0.13114932586
0.118176469681
0.139809566924
0.159187307615
0.15791588257
0.14319873805
0.140950215002
0.169513553767
0.141225958463
0.143193673465
0.154893332855
0.155256126452
0.146539300329
0.128302633824
0.124567610592
0.184878315461
0.146174982808
0.146067792527
0.133501507968
0.163019987776
0.122381474394
0.114945842239
0.135620413039
0.135671515891
0.158935999586
0.170398198763
0.132114460384
0.169049828724
0.124501455467
0.150878018955
0.168723400944
0.136816846806
0.127157726314
0.151744871672
0.156146334348
0.171355720449
0.147531573251
0.119903659252
0.165175193167
0.180843938592
0.144785986435
0.142790828205
0.126679524501
0.154761363466
0.131374492851
0.145328911461
0.138604147103
0.198148783816
0.125982411658
0.130479643716
0.124807838997
0.126455745596
0.111314989169
0.124316055514
0.134456610861
0.1622425971
0.121821212881
0.139331644152
0.136102089281
0.160096977048
0.172259679498
0.239407792142
0.207542549993
0.149081431848
0.149295995241
0.135753836263
0.130150615657
0.155881655715
0.125815204562
0.145098128103
0.124159849676
0.158521163107
0.116604816895
0.152814136991
0.166360892277
0.151542857139
0.166824643191
0.124086927987
0.156508197313
0.150704670122
0.182635149098
0.251282945746
0.149142146981
0.148874943132
0.21558296638
0.136986340663
0.177934136844
0.179734939182
0.145312434805
0.139876660261
0.137852925493
0.191321383574
0.135241174821
0.139047935905
0.16631550232
0.135903422774
0.158015476028
0.121532997212
0.197041912756
0.16044689439
0.152928890589
0.149345298728
0.13590087072
0.148138169775
0.174288718941
0.141858280203
0.161643336091
0.122289955638
0.13630417437
0.152243502656
0.149287055162
0.154746950671
0.139662719487
0.128566780262
0.141635355335
0.185162599941
0.134897214576
0.139137194168
0.195324066657
0.160329106548
0.179312702188
0.155764764899
0.154592771111
0.17074123679
0.152931091708
0.152647005283
0.136401976884
0.161849810256
0.135625730239
0.147405385538
0.140832710586
0.134610457817
0.143799709463
0.147686476943
0.147879035924
0.196816371613
0.175509689951
0.146672661701
0.146991922347
0.115509633057
0.14739027437
0.112712624983
0.176230458319
0.162372072032
0.119441251044
0.141391487127
0.156097226622
0.133437349288
0.152440521541
0.169220479102
0.145350081654
0.150453915851
0.159160335317
0.130298082736
0.150125336789
0.142655460279
0.194528084607
0.1637543996
0.15227129443
0.166218940965
0.137779326373
0.148821296134
0.153631979496
0.15952763152
0.181007421204
0.163099379899
0.136714285735
0.183165215372
0.117646463113
0.160978515527
0.142323390149
0.138897250623
0.133586249909
0.160981721468
0.132168119821
0.140317790331
0.127798492181
0.138789826579
0.113889460574
0.127684108616
0.15404450095
0.206109855751
0.147022399558
0.145528150175
0.133766656542
0.131252177883
0.136706453804
0.118674035992
0.130057459528
0.17332520839
0.13974060271
0.129897695095
0.13707049524
0.129447433084
0.154558367492
0.12404463605
0.149299731821
0.166986689923
0.122236775247
0.140035051509
0.150520095805
0.111597611149
0.162262087388
0.122450325609
0.159571858968
0.152385079499
0.185801734173
0.147766909803
0.138338998738
0.154256699389
0.150324043174
0.160147125685
0.173561634176
0.167110545612
0.127751528085
0.149420382372
0.129242850911
0.154496079463
0.130033501719
0.171206740973
0.177794726799
0.20442839818
0.152882088114
0.154223924223
0.200540644366
0.144184336852
0.128873518974
0.127301049783
0.122026044002
0.176197794247
0.13253806217
0.135296205652
0.15107084864
0.125335587226
0.158600973952
0.148095730859
0.125262597146
0.196859770857
0.14191240003
0.125250943931
0.124243378853
0.125480368843
0.154593407362
0.155786492002
0.119836675129
0.122260251787
0.14963781993
0.14373914188
0.151553138126
0.163226467291
0.159785438941
0.122816251965
0.121089351984
0.143671952173
0.141070628472
0.20312998994
0.172981453982
0.126142598932
0.139984062944
0.152177271123
0.161466335812
0.161913761182
0.146232711922
0.167320305136
0.117404064642
0.134797768553
0.130071772153
0.171190892374
0.139992775935
0.135309138068
0.132534918085
0.118639482395
0.151611417153
0.180197267715
0.180909906611
0.127038224019
0.171801927788
0.142341834675
0.158287758458
0.148639356079
0.129501605271
0.137020638332
0.142114437742
0.152952992038
0.172447106052
0.160768258615
0.148714881004
0.128881494433
0.15679113889
0.157504482418
0.164921558209
0.163031892872
0.145276178174
0.137484708734
0.136029797146
0.13649572947
0.144767446663
0.156719227745
0.146443332928
0.178465262875
0.198133314844
0.143329518113
0.158905700565
0.184236687267
0.135404943276
0.13140876611
0.148539170247
0.148881390311
0.120512582791
0.159799904042
0.129427526768
0.144335577122
0.141513360886
0.164322904808
0.138106317094
0.137583135157
0.160932195361
0.147671372874
0.137612008698
0.148684363056
0.136129884806
0.19262368862
0.126931860489
0.131740082559
0.14705410069
0.166131390923
0.14527109532
0.149654834046
0.154573142403
0.156822535317
0.133249299465
0.158997867775
0.134392801112
0.138870351952
0.198623622304
0.169671045248
0.168666502232
0.159528276188
0.121256996612
0.231435911789
0.14817792789
0.12296889715
0.137212037292
0.176625571682
0.151189751518
0.158040899812
0.167698753297
0.1612909118
0.141188897632
0.13669933495
0.151968107828
0.142657786097
0.158993360523
0.157830975536
0.133533734743
0.161978982532
0.173589652544
0.153731715891
0.145357904859
0.146780959596
0.12957328969
0.145833715715
0.144776530272
0.146064571329
0.155171339408
0.182277997781
0.159540490551
0.14400480021
0.130288481758
0.161232047695
0.145423865903
0.151473782696
0.135948583245
0.187359577312
0.131308110427
0.139641550488
0.133655464916
0.140043786699
0.134206980883
0.129993825191
0.154964381861
0.141725045057
0.132956059925
0.171193048802
0.133845128313
0.150429176583
0.139813710128
0.147217504257
0.170409459235
0.178730143976
0.160560470328
0.143815323714
0.194348706684
0.180468279567
0.135317184302
0.163636766667
0.15070923309
0.157937654544
0.151539704175
0.18638030542
0.163928605947
0.131060941381
0.131159590174
0.188212235192
0.118458565882
0.155346457002
0.183151036394
0.166072230992
0.142561732004
0.150352879207
0.154491605932
0.139767664572
0.131591896635
0.153793611353
0.174043822475
0.143797635957
0.136479172348
0.156506020718
0.140063866036
0.130145507881
0.173262110059
0.135459171826
0.123568777816
0.126631389936
0.151785883028
0.134963812856
0.161112628394
0.146780549465
0.149992974418
0.166149432101
0.16612029224
0.140903146587
0.123515123771
0.205570711024
0.154179163242
0.156117638931
0.123368595544
0.150164361451
0.141000514128
0.14489580782
0.132261699815
0.148052036276
0.168127529888
0.138415504014
0.160127366759
0.145213013449
0.146590980868
0.114987451051
0.149715316988
0.141515367505
0.134884581158
0.139718063908
0.198078815099
0.158736087271
0.150372551567
0.128201384266
0.170379687675
0.164751946617
0.184551628414
0.126187247956
0.121385824704
0.141375986332
0.155238056703
0.233219488136
0.169888018452
0.141663796648
0.154433748373
0.1482089194
0.17954967265
0.165742826606
0.123061573287
0.120728967776
0.138153679693
0.174692264472
0.132858264377
0.179033045913
0.154619937744
0.17262529688
0.149559400355
0.145591331846
0.15458195151
0.140945685599
0.12978347783
0.123372778358
0.227181356779
0.164374280387
0.141822267749
0.147539851699
0.129053980935
0.134336131575
0.139677288634
0.143619145338
0.140382281399
0.139220170938
0.149475202101
0.178833653231
0.136894738163
0.151007356163
0.214552232591
0.172255540187
0.160425329742
0.129874959239
0.14361281707
0.182933440576
0.163225954744
0.211720362716
0.165223545077
0.173090368736
0.130192061968
0.160374261204
0.157564488268
0.173806465693
0.139468257849
0.140698627734
0.148415309412
0.171900144794
0.134778549505
0.142017227343
0.164237494979
0.117465931971
0.147028830962
0.130244216601
0.148403870424
0.102411454413
0.150247755391
0.157220677288
0.144064446927
0.153070426275
0.142239330598
0.121856135448
0.178956620492
0.148619769693
0.174014108718
0.148411112613
0.158322150857
0.176099608222
0.13349839762
0.153590133084
0.135586293941
0.143386942186
0.159693542951
0.150145528825
0.143716617779
0.144090665099
0.162223246474
0.152696097699
0.159639559046
0.196665400518
0.167665053973
0.140491904452
0.134808849624
0.160684562799
0.163262155174
0.152518802139
0.133694539434
0.162059062548
0.16122046593
0.130147889976
0.139022042826
0.135668193693
0.166266389562
0.128306271767
0.1446310366
0.155188980977
0.158621800351
0.14922806035
0.138948637855
0.133069104371
0.137966563604
0.143326821433
0.134128678006
0.154417552611
0.152373469966
0.157877334844
0.191129854802
0.138620188714
0.142889681533
0.138853433397
0.155061612543
0.156043266068
0.150008266001
0.157955069445
0.162121162998
0.144261433911
0.141236385676
0.134974794242
0.146566195755
0.170962590793
0.152642106162
0.16698148891
0.130672927974
0.169511042118
0.212942389039
0.148028527142
0.138014868468
0.14347228483
0.132823850377
0.145749518533
0.125354311139
0.161460030561
0.153415565286
0.170124406048
0.167575262961
0.192392777896
0.152098137357
0.155233859154
0.148259099374
0.209261728568
0.167813244221
0.183371547984
0.16665138596
0.152161881649
0.134024461988
0.174656329968
0.138505266048
0.144405118052
0.181564188514
0.19191093498
0.131000823907
0.165270407946
0.16252243908
0.13680517063
0.150079397705
0.139605282895
0.144433012596
0.119653268041
0.167445889509
0.150165161035
0.121017583786
0.150782491617
0.149584111206
0.112823325784
0.140904382525
0.118645527887
0.181283729547
0.147332369513
0.141153435826
0.152089988444
0.154271649061
0.218573228575
0.131780537256
0.156989979217
0.18718678844
0.147212330463
0.321509333278
0.180028435062
0.15348887745
0.137774058181
0.138718536947
0.157639179293
0.143187774714
0.175466679919
0.143939256707
0.166856295088
0.123737948461
0.148675768432
0.177254434555
0.150325745127
0.147153106304
0.164847862338
0.128797704697
0.150805754226
0.137972376429
0.162390927005
0.12351905555
0.146280034542
0.151369768508
0.167954160268
0.154484800342
0.132209584029
0.186520255328
0.141701899636
0.159157071237
0.172620501934
0.183018478452
0.168854420622
0.159040434583
0.149096907279
0.159327529083
0.140261063952
0.162080551284
0.138076752347
0.125414620889
0.178103025939
0.181727190826
0.21482546037
0.162943843105
0.14187064269
0.16311809834
0.146607234402
0.14246279531
0.139917877549
0.1604411781
0.168717145371
0.142181603651
0.179471578851
0.146849454362
0.133034401331
0.166815274656
0.169660688142
0.129066643741
0.195432098706
0.145770335883
0.172726317252
0.154398090788
0.14746934857
0.141675805461
0.12383633379
0.146238510886
0.13824151987
0.142376303613
0.152391403538
0.143379264321
0.135947186929
0.125771802175
0.163447613896
0.161412578152
0.134029698279
0.140270292058
0.138298955729
0.137598928298
0.129593640093
0.181518863906
0.139321207672
0.152644503574
0.16589161111
0.139038482336
0.187538796057
0.159281064007
0.149156107713
0.132368263252
0.140223310805
0.133608544667
0.142344263824
0.152049188792
0.134455741256
0.129065671485
0.166102978655
0.129838951944
0.124637593323
0.187413968217
0.169780840322
0.157612625643
0.119719986657
0.138764351725
0.134954301857
0.123161082002
0.160407341357
0.150386312895
0.123221210072
0.143963491311
0.126312522251
0.134885941565
0.146321725814
0.137356738358
0.141122452117
0.142814752497
0.13602121351
0.143773264004
0.141438817451
0.142497671963
0.132148323638
0.129970386985
0.125453703957
0.135617413131
0.131765035676
0.138493279361
0.197000895175
0.168708657407
0.104950545336
0.133027581386
0.140430870066
0.178833631596
0.123939309282
0.171960439976
0.179842231942
0.152276178164
0.135764690211
0.138620359861
0.128087864774
0.158497099791
0.144952203409
0.175756862963
0.160441441911
0.154241215223
0.151481143996
0.1646499007
0.143725252698
0.14273848022
0.125143447384
0.138360597451
0.139383048503
0.128397544003
0.167776481242
0.191062503533
0.164380852066
0.200861341283
0.174416135367
0.138924035659
0.126605562691
0.150410303094
0.141454163877
0.141269068809
0.144995188686
0.127165803241
0.145793844729
0.135728130854
0.144322380407
0.145462663032
0.1318537734
0.166742584352
0.144509408171
0.127583152236
0.131482764059
0.171311635572
0.171536995289
0.126779536731
0.14416565764
0.20182535496
0.148117132848
0.131403932444
0.132365958419
0.131444858816
0.147014900481
0.177258805171
0.143083288346
0.144007297482
0.163636481707
0.133773524352
0.142619102563
0.359265150158
0.238698709173
0.172917723144
0.187800475255
0.134244320582
0.166301105441
0.111891170373
0.136065565411
0.113213109058
0.151489052275
0.161485872667
0.120501758328
0.148973673468
0.13876848346
0.163895863191
0.192737974844
0.121562290352
0.154470884985
0.136193632238
0.160409410443
0.115867028453
0.140835289465
0.179691400242
0.153488117381
0.132115012111
0.123035470083
0.143718406426
0.138880668613
0.149596226508
0.135821178337
0.153873689114
0.137917634928
0.127837352351
0.142121756134
0.127586786758
0.132997956069
0.138895417011
0.137353350541
0.130927791543
0.150624295663
0.141538470236
0.136326979305
0.135647079236
0.123032720642
0.137032382734
0.144588008229
0.116630057842
0.126689835203
0.139286610205
0.146684355829
0.174232884728
0.117711537939
0.126825946033
0.120110346408
0.164665575012
0.16640225042
0.13435909511
