0.00497936582565
0.657566023
0.530234981336
0.500386445813
0.453983586244
0.45813390705
0.652499063775
0.575046729237
0.553815577112
0.549235158876
0.532666254893
0.54355405508
0.551848114647
0.559016872786
0.569479628853
0.556166799769
0.708919174016
0.626953528315
0.618208664522
0.640016460881
0.622729618229
0.606674459442
0.593572185196
0.6031803798
0.599354407601
0.596752095446
0.755737012029
0.71563298586
0.69526471284
0.704269594461
0.671353270218
0.689280176133
0.708264706537
0.687592283621
0.691714388445
0.68921310287
0.802833669171
0.750732939661
0.765145023465
0.754546170577
0.764904396132
0.765749087527
0.754000580683
0.78661237511
0.774846619233
0.758870727107
0.869248237595
0.847449338272
0.83560525161
0.799188568667
0.807793244481
0.817338161319
0.793874407038
0.848022708833
0.838680382445
0.814987980627
0.92379102625
0.859701004028
0.858854507893
0.90669611004
0.890640380889
0.874488228798
0.902892607391
0.864668481678
0.865246606514
0.862556809098
0.932811172396
0.916374915168
0.910372049391
0.942785321727
0.937752414092
0.923890419245
0.931401521236
0.979475450888
0.950531958014
0.899785877451
1.01022898312
1.03260216911
0.985240444586
0.978236510366
0.999656928077
0.966929983541
1.01601478149
1.0148726545
0.983669419751
0.961741165236
1.06749371004
1.04800871272
1.04690493399
1.05461796586
1.07764643948
1.04495734341
1.01607862325
1.03061878797
1.07241014326
1.01882363811
1.12676558328
1.10745083511
1.10976088236
1.08533050385
1.05603680286
1.10284893002
1.06715322737
1.08741940929
1.11944467908
1.12177131982
1.14786417496
1.15951345524
1.158171303
1.11070105259
1.1172817843
1.12466931534
1.14551048437
1.09334269422
1.14958320044
1.15411452976
1.19272988458
1.11802945201
1.1208431817
1.13643429968
1.17869822265
1.20467284948
1.16220863555
1.15842070398
1.16020992066
1.22240390576
1.14419438586
1.24303275499
1.18693066014
1.16975478442
1.19996123526
1.15984758267
1.17056388177
1.20624913152
1.14388368309
1.10898649231
1.278431108
1.26368060926
1.23759751193
1.25982476787
1.20350126526
1.24374542899
1.20700613119
1.15108710176
1.22056665634
1.27057106431
1.34233867377
1.25819103871
1.30099895437
1.29884547305
1.25890616462
1.2804487782
1.25140710537
1.23545483117
1.26962976953
1.26122179346
1.30571137105
1.36253517944
1.3192011175
1.31127043401
1.31945192949
1.26669431567
1.27724989241
1.30138154535
1.32798239473
1.3124606397
1.30855947307
1.32938745947
1.32388388902
1.3369706215
1.44719680193
1.38149847218
1.35295670126
1.34973531048
1.31536521648
1.26864167124
1.29691117492
1.29024008141
1.35256795867
1.36408564606
1.41987322609
1.32863704233
1.43207191668
1.39842884384
1.43419554478
1.3792528732
1.38150817567
1.41277162686
1.38419521224
1.42961415803
1.41594914152
1.33865834957
1.40229919264
1.41270117326
1.46450756674
1.47963940559
1.44024848947
1.45901868291
1.49532989341
1.38181838962
1.47247029342
1.41253258337
1.45383771685
1.40309098879
1.44383331768
1.4829028556
1.46211799596
1.47701881477
1.44520390399
1.51361752591
1.52463717198
1.45126360981
1.46906861332
1.49527451509
1.61753475876
1.44072854698
1.53627397792
1.54922064263
1.63538470429
1.5647688619
1.51331887008
1.52015581962
1.58443148303
1.5574123181
1.52165042156
1.44120586118
1.50868431945
1.57017613478
1.55641240048
1.56955963762
1.66140174513
1.50635807995
1.48554737957
1.5307777119
1.53141791098
1.56948735578
1.68019946124
1.53762785023
1.52060461181
1.62400650159
1.61354390588
1.58902351053
1.64784773695
1.59072426134
1.54238990372
1.66483961189
1.54706604274
1.63380558676
1.70021530807
1.51970833997
1.56801728916
1.49597175962
1.59901999275
1.55740084723
1.5404045759
1.54548274565
1.71675365345
1.70918918543
1.65460058543
1.54336925034
1.68756695738
1.59856851836
1.63435760359
1.54761695033
1.73445655216
1.58341103673
1.69933155519
1.6685524684
1.78094083846
1.58979161161
1.64239760621
1.63131551486
1.74641724986
1.60284465554
1.6786988972
1.67336683831
1.79836007546
1.75264357752
1.715059002
1.72029171145
1.76311495507
1.65269202302
1.7931829623
1.69384459698
1.61279121445
1.69719618028
1.68815357111
1.78486902481
1.76193038447
1.64647293302
1.74118500192
1.83631034896
1.85289561109
1.74569058125
1.71330007079
1.61164785296
1.6820955286
1.69634991772
1.67828700231
1.71584488788
1.84456762785
1.80218512042
1.75686673471
1.80065421574
1.74441746084
1.67891367145
1.74896201272
1.75047647479
1.84130292457
1.79258349346
1.83951605812
1.94994358808
1.89617427075
1.82546846244
1.80238612664
1.8049159486
1.84141234344
1.74784013566
1.73156672707
1.75646301433
1.75889975947
1.85586833127
1.65413854852
1.90161496766
1.81460319668
1.81511553296
2.01806008513
1.8536967299
1.86902491936
1.86157572103
1.77940280066
1.81194901931
1.79005355155
1.96705337879
1.75135544807
1.89653316152
2.01566614302
1.94199129803
1.84680603808
1.97685839824
1.85081388442
1.9418802381
1.85556310277
1.87711130102
1.8566108636
1.82872593278
1.87798587841
1.79918912466
2.00688491292
2.09460013588
1.94611455998
1.97265287724
1.90510093677
1.77649843654
1.88252094586
1.9936895085
1.94855637369
2.00196853831
2.07909219106
1.88739484061
1.8454612149
2.01621072599
1.98460649836
1.99797456402
1.79796727401
1.86288995132
2.26514041126
1.95328005342
1.88418019828
2.0173082975
2.10362694052
2.02441572419
2.03293237981
2.09440464926
1.83907666606
1.88315040252
1.934269476
1.96770973903
2.05834341888
1.95943984991
2.00667173533
2.01048718394
1.95169573674
1.85142561769
1.96448413222
2.07301356396
1.99303103936
2.16001184602
2.03831374027
2.07617456925
1.93005312759
2.01453071335
2.15836443749
2.07804423684
2.21602170327
1.98009110448
2.04774787299
2.18778075661
2.2135586285
2.02966846769
1.99619877814
1.95607316768
2.16679282388
2.07762271421
2.01160687611
2.05404987298
2.18625851436
2.29623039629
2.0347092223
2.09982599784
2.25012024674
2.08657999408
2.08106646214
2.00240789184
2.258770322
2.09461035371
2.17527821869
2.33157784557
2.0468303915
2.20238845636
2.20408609316
2.09525362311
2.14351560065
2.25138961644
2.10481197591
2.11845915541
2.26366952345
2.19103040476
2.25051500656
2.00134479764
2.2547312066
2.10527855876
2.07349301219
2.11947620682
2.26732486504
2.00738816734
2.15283506788
2.16079505064
2.20101046607
2.08713059071
2.18241256982
2.07184561419
2.13481093365
2.27276935276
2.18172753058
2.27223553778
2.1615028358
2.15989650756
2.3028910961
2.19366014262
2.32390495387
2.29726403421
2.0813696707
2.22697284883
2.35096158786
2.14900634399
2.32709913933
2.13955647641
2.31136996339
2.1822893528
2.42969902556
2.39480352175
2.24103904071
2.27490319988
2.39957984388
2.37457156827
2.36262860119
2.35604607126
2.14811239341
2.27049707541
2.36392667954
2.39519614603
2.24975804952
2.24170564714
2.27447093269
2.12944505304
2.39191070458
2.20357167986
2.22351764932
2.27217556195
2.35925494292
2.31872385906
2.33825692436
2.48442272243
2.36583546311
2.51191115165
2.49338827065
2.2502071183
2.47257479149
2.37635755448
2.38708739477
2.29730888166
2.27773592648
2.34943476602
2.23928490308
2.46157827228
2.36059887323
2.30830427626
2.556858421
2.26331433067
2.32026700792
2.35989574756
2.27652706829
2.35987205938
2.41339954364
2.34038131878
2.2678426071
2.39784157529
2.24751018031
2.39009615874
2.40742557466
2.35131913845
2.40317520241
2.23631644751
2.53779278438
2.28258216032
2.68331441087
2.48099569917
2.5315531365
2.3837919068
2.34043543488
2.42063601443
2.5159080597
2.38273425604
2.4936354904
2.21003550974
2.3238907252
2.36220371708
2.30993136755
2.42052355693
2.43472034726
2.35430975428
2.64022741559
2.46207424062
2.31866773996
2.50724304542
2.46559472533
2.44933911481
2.34523959599
2.41794719949
2.52953371719
2.55472282749
2.44771941867
2.52229242353
2.6175087547
2.52702467915
2.45871106613
2.63880598608
2.45887025724
2.61190614635
2.53888612066
2.48754663371
2.60019803777
2.52225948843
2.62736744124
2.40317929047
2.57893030752
2.47091634852
2.5871535814
2.3777704533
2.49443366797
2.63634865102
2.40564709345
2.37713589852
2.61220705399
2.39799479558
2.52020493245
2.39592017797
2.40925908531
2.46254837237
2.77134834555
2.26231703125
2.46248142624
2.27252837729
2.48667136891
2.51239455338
2.53581772526
2.43497874758
2.45421689636
2.5191636654
2.36874697649
2.51161066505
2.59469156422
2.56713343763
2.463433402
2.51237707901
2.57209854652
2.55605224052
2.45637183525
2.61030109555
2.60158453725
2.39923018023
2.53439362246
2.48032444918
2.40346253374
2.37867820701
2.4372133572
2.44699334651
2.84089022535
2.52688570325
2.71724454562
2.60162126395
2.51291782379
2.47445169374
2.52654450217
2.29765641183
2.73897313431
2.58591189425
2.58902044684
2.41273577654
2.68257357773
2.59651270653
2.49842935015
2.63567476949
2.39299896878
2.59521026894
2.60619973509
2.4673426853
2.55812186337
2.437627123
2.54911361919
2.63844178736
2.65104259722
2.36495834073
2.39364386448
2.57256858078
2.51592671213
2.55621963972
2.59186949903
2.59121939754
2.40784474838
2.70509487483
2.72282003312
2.58622561406
2.60707480663
2.66255516423
2.40541055366
2.58553757185
2.79770110813
2.35923205557
2.46866928712
2.68025086898
2.52572120436
2.50516862307
2.50307430139
2.82311932859
2.62976707841
2.63625166383
2.54246619704
2.58408702838
2.25941134733
2.48908175242
2.60001454559
2.49103974038
2.83924330309
2.67691526085
2.70861514768
2.54977084109
2.76230623089
2.70697100756
2.59501391464
2.34574848136
2.54016392113
2.72745345756
2.49852038234
2.66122581393
2.61135318999
2.38298176619
2.53467839803
2.90384315163
2.55513830027
2.62054169199
2.643901979
2.66348462911
2.57898524061
2.86929805475
2.69425784081
2.6742064078
2.50555306867
2.54595456785
2.44532168095
2.74256282943
2.60349531916
2.5069416388
2.61418118677
2.44122432816
2.67105093977
2.67912014669
2.61169083785
2.59560413587
2.5163644734
2.54621293238
2.6787002829
2.68192031606
2.7456901363
2.92745233476
2.43936114419
2.79649984366
2.80617094067
2.64942561212
2.61730875863
2.69638264093
2.74031929462
2.72350893849
2.48240971014
2.48110894433
2.86710420558
2.57991669402
2.76019565377
2.53183417127
2.7441483157
2.83024553117
2.6769631283
2.93845457275
2.76876841086
2.71431382032
2.70969242407
2.58033151123
2.7672676703
2.65917134105
2.80785479748
2.60943246281
2.792090846
2.83453051445
2.5704732094
2.84268491511
2.75740678416
2.5702153511
2.7384059768
2.62725984365
2.5939045189
2.63334443611
2.7188768504
2.84207869595
3.00722800083
2.64815358463
2.60187053357
2.75023535454
2.82418276471
2.61225316772
2.68218117481
2.79612394366
2.68648614126
2.84756657034
2.72998312476
2.66004204655
2.71638973421
2.84721864524
2.80433950134
2.77661643685
2.67251392703
2.47237725155
2.74339372978
2.92447306865
2.69775007275
2.68622809955
2.7940961515
2.76275270852
2.80772006819
2.90132876174
2.62362415443
2.72442465903
2.88062963951
2.66619302765
2.83231429628
2.73517246151
2.83117734936
2.64114038512
2.7187788682
2.7385733076
2.65743971649
2.92441507852
2.63976858398
2.91441872661
2.93626882437
2.68055090337
2.81925768934
2.74027317727
2.71194865514
3.02329719383
2.88780603476
2.83786687428
2.82119772342
2.45707063648
2.80002338521
2.5259571261
2.58004141302
3.11992150418
2.78994037479
2.49224279813
2.99086208172
3.09884118383
3.10270479184
2.74666434766
2.55204743068
2.75660021952
2.77207968409
2.86400868969
2.98234123334
2.78663827556
2.90571467583
2.71346162879
3.1035803037
2.54183503014
2.96138547599
2.57092883886
2.68726312122
2.98533530834
2.91759702586
2.76091401012
2.94550162339
2.72120274734
2.8734688192
2.70924402566
2.77051180215
2.52615500841
2.63649570353
2.88458839785
2.83906646314
2.82241679677
2.54292322597
2.80060844032
2.52715374291
2.76380465168
3.01752895156
2.61966843563
2.86932909851
2.86702635187
2.69170522508
3.04060170293
2.90825283936
2.61663681826
2.77003054608
2.88534675945
2.75286608352
2.76482308321
2.7883938041
2.96469081998
2.67463042369
2.72524260783
2.93771658257
2.84551011029
2.76269122642
2.80987228104
2.55754932179
3.01839503072
2.9413474457
2.87637345259
2.99564014891
2.8986135821
2.84611511819
2.64463789563
2.7480046564
2.89502347426
2.87012994437
2.65044342741
2.88738408448
2.97627250999
2.84635067266
3.0046431441
2.79660970919
2.87117617339
3.02243921223
2.9888559407
2.72052702814
2.93761240304
2.58089075628
3.03650805938
2.87792578952
3.01851322621
2.76373085415
2.78412227222
2.84948353249
2.70020617621
2.75121768168
2.82544167817
2.83458988263
2.97487829372
2.9074760682
2.84602359574
3.09831632879
2.94113766387
3.23619003928
3.09709145936
3.05236835119
2.89022259721
2.86943070647
2.84650673391
3.04904906847
2.80983959106
2.78093421417
2.99410605301
2.85318411401
2.67881811818
3.10695807388
2.79410591441
2.64279264723
2.99730178052
2.63916446018
2.91425928518
2.87346629946
2.78960989118
2.84373130479
2.97323081675
3.06599707456
2.87860934834
2.93559302691
3.02378218408
2.46480518499
2.9536185407
2.83592973384
2.80207090646
2.8015762915
2.95362592126
3.07321231022
2.88092226267
2.73834062135
2.95518915397
2.78815262453
3.12649776585
2.87599596694
2.88773528513
3.2250658727
2.92733223622
3.28612871762
2.70190907305
2.72647619715
2.82436565216
2.7786617693
2.9133938807
2.90824071825
2.8521367106
2.93715378626
3.0181828423
2.73758561473
2.86657434213
2.82512897828
2.57416792209
3.05968537945
2.7870880549
2.99433635905
3.07071987404
2.91244468924
3.05664911354
2.83543258852
3.09054973352
2.93315872234
2.88950367874
3.07859448427
3.01855687743
3.14790741272
2.74379773137
3.07571852505
3.06054351085
2.86641706489
2.73447192486
2.82539018154
3.05698718265
2.94727573891
2.7779285652
2.8586349975
2.73594080992
2.75407090002
3.09276300788
2.98035153942
2.96291307914
3.0869656187
3.10516853687
3.05212039915
2.9827311779
2.94269366366
2.77490021585
2.96042396131
3.06316007625
3.19292938825
2.88187457062
2.76796901891
3.10175311068
3.09524612246
2.87306287915
3.01829335539
2.98183143809
3.11496546856
3.10967537934
3.17980682318
2.84963383117
2.9552138505
3.19423727587
2.82183674742
2.99697417626
2.71072680601
2.82758034854
3.00907472691
2.80067269582
2.88096988201
3.02975402656
3.13567184901
2.94718978648
2.92166294563
2.71409307802
2.90154210372
2.78907833864
3.23084447986
3.1413034927
2.61742173553
2.86230469908
3.20927651256
2.80600134608
2.8562813957
2.95596508937
2.90254935344
3.1172473378
2.79411307563
3.07596432307
3.17094820783
2.80739805979
2.84806309913
2.89226906152
3.05958230406
3.0253548805
2.99806750941
2.85994028258
3.09924915364
2.80351773989
2.85769376788
2.85032518253
3.26809577754
2.9736621713
2.8240725247
2.88735713615
3.03635984157
2.81464741297
3.04832435954
2.80845465121
2.8999702742
2.78594636506
2.89023241633
3.0622669183
3.1599380748
3.19016578807
2.86128937075
3.22901294473
3.10202511071
3.01400401853
3.1354110792
3.03762852673
3.02124448767
2.80563090713
3.41894989139
2.93534071401
3.20306505266
2.78398773305
2.96901105678
2.95585882899
2.64618971933
2.85888044873
2.90117863545
2.91133300537
3.01769028394
3.04434200487
3.00475597276
2.73498787114
2.99935673624
2.82851794469
2.70796816348
2.81857674882
2.94157758839
2.84372563744
2.90897969344
2.96092131615
2.9142578468
3.08171305358
3.00564187397
3.23959312376
3.15341614175
3.01189758511
2.96025604023
3.01766526911
3.05509248687
2.82389997607
3.2315438583
2.85270414297
3.06776156248
3.00205911079
2.89520426902
3.01752739382
2.99400259461
3.05920151688
2.86765684327
3.16287516457
2.96373333952
2.95763250677
2.91752363078
3.0724283849
2.93429997797
2.92553130746
3.07886917178
2.95844614725
2.84796566083
2.95984199469
2.66958634654
2.81858778806
2.8801603238
3.14901957072
2.85422654682
2.89078844079
2.7833825464
3.08355637193
3.26185961246
2.75592473462
2.83598653634
3.0552091037
2.86038794905
2.85598676556
3.13035178404
3.22398303252
3.30678182028
3.17545410334
2.76131264214
2.65016013969
3.09161864437
3.03470603882
3.01563838813
2.99012043658
2.97832219417
2.76539673939
3.05483036363
3.05797836545
2.86382056732
2.83281632844
2.69515760891
3.0750736604
2.8790963963
2.80567944473
2.84125773495
3.07190455374
2.87683960672
2.83183578002
2.752261456
2.88350874065
2.82603666446
2.92388491336
2.68397948426
3.0184017517
2.77711227703
3.08821202984
2.87145380944
2.85878511187
2.82240980524
2.78256428885
3.17137375496
2.77556975597
2.94191839854
2.92594312388
3.06512918735
2.76054362808
2.94529260135
2.94460593201
3.0429580048
2.87076385203
3.04758223146
2.88249163976
2.83884339747
3.11076483978
3.50657038541
2.9158097873
2.90558677381
2.99679142946
3.29702651218
2.83056805518
3.02444697905
3.12980108593
2.9220350503
2.67455710289
2.91461874315
3.18088233627
2.97864786218
2.74674105452
2.86098637243
3.12247540875
3.16043532839
3.04862185791
3.14316906485
2.87195737022
3.03309929603
2.97390600008
3.10374277028
2.82748433143
3.07483472003
2.81483107179
3.23195662498
3.16352782068
3.08339668977
2.94275527841
3.05057212731
2.96150279236
3.07842093569
3.08266866697
3.0128362311
3.16728811421
3.05525206734
2.8117450234
3.00835504441
2.88298127063
2.93118890524
3.07793265346
2.90769874804
3.10567623013
3.18890504894
3.07726812978
3.08685263841
3.12275410417
3.0633510092
2.86023476583
2.83999453916
2.75864107992
3.04316852441
2.969670884
3.02771498184
2.90208949704
2.96711401203
2.86957473673
2.65683045664
3.18069616127
2.90655477174
3.1210751832
3.03360164067
2.92762690333
3.0123215014
3.21086286941
3.04484144896
2.87293164781
3.17475130859
3.12945670675
3.06532562093
3.0981768977
3.02007071906
3.03246841544
2.91803354527
3.10733420789
2.99302995548
2.84843913847
3.16493415827
3.06991625258
3.00999251518
2.91863909848
3.06378014681
3.10634859835
2.85311092141
3.12252122416
2.93553670631
3.05366324246
3.18978056586
2.75416530576
3.15120211411
3.00713973299
2.96539723459
3.08721470229
2.86512075311
3.34820375805
2.8134902388
2.89854103358
3.07001982148
3.01521476661
2.85857307102
3.44354271929
2.95880827473
3.01793315116
3.21698404312
3.03426271258
3.22586001551
2.92474568033
2.74917827672
2.82515113547
3.09777967273
2.76773354544
2.9437474781
3.26985803153
2.93141662025
3.27547520217
3.023270564
3.16616494091
2.73573998255
3.09919567139
3.08796631542
3.14941432935
2.95635619423
3.14735648161
2.77671135123
3.13314880896
3.02934093508
2.87227702487
2.75237865132
3.03761699159
2.92439147355
2.98434836866
3.18002341045
3.18007205218
3.03563807721
2.93415657952
2.92290669978
3.06650524113
3.03264186549
3.24093371154
2.56636597282
2.89051859483
3.23466113079
2.99120488721
2.8374326105
3.05154443337
2.84266213666
2.81300606467
2.98778760044
2.98224490288
3.29713204837
2.85060057318
2.98764936329
2.74620841634
3.24400185335
2.77372176778
3.03564809346
3.00964254834
2.78387429032
2.85769629343
2.8628857667
2.9139712632
3.03399388668
3.08276964028
3.16769092698
2.81125758538
3.0398947846
2.62117523775
2.96885128286
3.19068034002
2.89570152339
2.82407139748
3.21705516605
2.92385449253
2.78362124395
3.10597161847
3.34754931656
2.98755016741
2.75561046815
2.84608407535
3.15031741054
2.8734450337
3.09511745001
2.92560019268
2.99827645108
2.93598793864
2.84673724602
3.25489810321
3.14093296219
3.06870700565
2.83487764959
2.81106406131
3.06838483021
3.00054211828
2.92149934886
3.05051910208
2.63702418855
3.35214231913
3.02546046935
3.32378099994
3.0283953571
3.10537746057
3.06681800778
2.88606009926
2.70438186625
3.04703499065
2.82734123501
2.84848595549
2.97640878539
2.86793791673
2.86330258141
3.24507056038
3.12721217933
2.87966939649
2.76119978781
2.81643877122
3.12451723386
2.94388269313
3.08809025341
2.85884955315
3.13097677396
3.08417007053
3.36172491144
2.94525391993
3.08410655633
2.82079042043
3.15914457791
2.93558679333
3.0377150695
3.01076332705
3.11035129447
3.01225387061
2.89594199817
2.87714143887
3.29172560044
2.94853593102
3.14244679791
3.07460943678
2.92053678533
2.8110903777
2.73477159046
3.15883986971
3.23875176486
3.15369712996
3.23169914614
3.04181943104
2.8353283304
2.89815803218
2.97273023343
2.83695855254
3.22394170691
3.00039151603
3.03815726052
3.05657919113
3.26881302068
3.22638344415
2.68585627398
3.10204561804
3.00664226714
2.70463214196
2.87123061866
2.90584567921
2.67454493168
2.93965970436
3.03858920853
2.9344413822
3.16186794075
2.75184528232
2.72538112381
2.86854253697
3.06547186005
3.14692743653
3.3055642212
3.10900369932
2.7250895794
3.08925581145
2.99401832746
3.09795514412
3.09644174805
3.01235498719
3.13456466286
3.12159785959
2.85846589684
3.02777100304
2.8351768613
3.07808970895
2.84933118859
3.19431641656
3.08213449638
3.08691339771
3.10954240093
3.18496761213
2.87457625765
2.82609858491
3.42842826527
3.14793531848
2.87301886825
2.91656005153
2.71111927925
2.792213917
2.88974425212
2.98237447283
2.94952568747
2.92168873841
2.70685063173
2.88796118911
2.89836253183
2.98250631514
2.76853792214
3.03424346936
3.19314551197
3.04694351998
3.07229280116
2.87119928075
2.57811827444
2.85604609139
3.23238908602
2.89166547891
2.81306744078
2.95069801116
3.04741040543
3.11155582914
2.86403075829
2.77460587411
3.1066920172
2.95465088323
2.93942749277
2.77006731398
2.95250131427
2.69158171047
2.78622729728
2.75627048708
3.27725781773
2.71191754656
2.97946199977
2.99155947067
2.93196987832
3.0310798292
2.93554115483
2.77587052816
3.05893696743
2.83721470045
3.07977194676
2.98151362191
2.99992586309
2.72978146702
2.9962020129
3.03430338944
3.06390043676
2.96874024612
3.13413359563
3.01227037579
2.87084140812
3.05329786849
3.08119054656
3.28203692243
3.05007466139
2.90819322908
3.08748923394
3.06504822281
2.87870767094
3.47393861237
2.99362411307
3.07101048307
2.62511790669
3.00310356432
2.90667902958
3.02640779711
2.92270981441
3.23045317441
3.06082633263
2.86555995807
2.7520300635
2.99063757545
3.02514711569
3.18899379942
3.24289536628
3.16961032854
2.85827303554
3.27338704115
2.87201809448
3.08975298116
3.01883267531
2.96552690034
2.96646341021
3.40559819146
2.73728990389
3.16443195175
2.93332995763
3.17177099675
2.95377132015
2.79699899726
3.04495730187
3.35200219582
3.03636094166
3.06008580728
2.87345426954
3.06516381194
3.00630198263
3.00202372532
2.83687315623
2.97911308542
2.95792206463
3.16821753311
2.7988507233
2.85457449844
3.23792465203
3.12342669035
3.13672478622
2.89855967622
2.81053172211
2.92717953786
2.85746126625
3.10506484304
3.02241795361
2.84638845429
3.02226189604
3.08569763878
2.97473372245
2.63166638225
3.37349216135
3.07751746528
2.97910717487
2.95093420233
2.76611535613
2.8910477073
2.91201666591
2.61076822591
3.05123264442
2.83778916113
2.79237600262
3.14207909533
3.1575875833
3.04507585625
3.07306783521
3.21525222477
2.9001301187
2.88123754658
3.06605713001
3.11416028005
3.04465430385
2.98482676278
3.0761528071
3.07377697177
3.07845079607
3.00790463074
2.82759811178
3.03307941677
3.01998939684
2.90777633837
3.09388706207
3.00296685854
2.92382163815
3.18133352357
3.38337071241
2.91557384875
3.42470942287
2.84056754404
3.26624771689
3.02526182745
3.16590975565
2.76236930038
2.90500462191
3.27349873681
3.05949696688
2.77477616167
3.10677762257
3.0560161289
2.97786081722
2.8560054512
3.12526553322
2.84892179589
2.94608488937
3.15010093784
2.97879024817
2.83225345474
3.13342598142
3.09604581487
2.8880095682
3.04910991216
3.08988414995
3.20908838297
2.98808224291
2.92038307634
2.89024275999
2.69870235161
3.06954379426
2.87882457975
2.8880415782
2.67949501172
3.06276415969
3.28536565821
3.20205923364
2.98135744913
2.83108877468
3.24815536383
3.0236727335
3.08600397424
3.28964584604
3.06222495139
2.91482330987
2.76353273892
2.70376715854
3.15950268452
3.75878604563
2.94297161219
3.03520539975
3.29086093935
2.76214291985
2.80246527246
2.98079022478
3.06491763707
3.0646699701
3.35334430446
3.21945578174
2.91921783558
3.17915093265
3.02510953456
2.97949650809
2.97267985906
3.01629329705
3.0121687568
2.92122904542
3.20246861228
2.90847660822
3.28489342578
3.26092187031
2.74131126726
3.06832464971
3.16506028743
3.22127942285
3.12648696372
2.98409313424
3.31056841411
2.93861409564
3.05301475531
2.77204730104
2.9035312608
2.8849464335
3.23234864751
2.80942641334
3.07248672104
2.94803404142
3.07186864907
2.98908638495
2.99245320284
3.09265593989
2.6646305148
3.31228388131
3.0369692121
2.87842625564
2.9459204177
2.81960360922
2.76212529993
3.01839406271
3.22193167359
3.09526709744
2.87636112526
3.08830784449
3.2004536525
2.7136649375
3.04374690761
2.96018006545
3.01781004865
2.80650808549
2.99912218949
3.32251470646
3.13960719451
2.99071579795
3.15063491879
2.98354520652
2.85793940699
2.96833337885
3.22890457189
3.36289298065
2.909121786
2.93582445195
2.75178022644
3.15445397009
3.06315120582
3.14614489572
3.07387789144
3.38312560868
3.17500702274
3.20082200599
2.89567763732
2.95731417283
2.62237495798
2.89305306178
2.90733290748
2.7585399469
2.98324065514
3.12372892219
3.06005447648
2.89394109136
3.05171045299
3.20166506049
3.15074005465
3.04563534391
2.80809629905
2.85370775399
2.9854191983
3.14773060304
3.2305753234
2.94793557221
3.20838424677
3.27429256913
2.87733818904
3.02822381617
3.04096726118
2.60549088369
3.12686662294
2.98972437948
2.74960532115
3.1217190474
2.86321437852
2.82439004414
3.05238473368
3.24098153155
3.00222926217
3.01627028695
3.4294730743
2.84833776841
2.72259789056
3.06622749101
3.07296730754
2.92803796975
2.74103915352
2.74474250962
2.91438599573
2.98894650623
2.89306137161
2.93644112225
2.89726969592
2.97867831363
2.91737384807
2.79585007371
3.14961306223
3.26021285526
2.80687710163
3.09888712575
3.04015332048
2.99995362814
2.64927697487
3.06003477797
3.04145681112
3.12857328063
3.32251853618
3.04544658348
2.68501228611
3.09248072553
3.13687594715
2.78190378664
2.67627657516
3.05435357748
2.91089825299
2.91912884764
2.91422170007
2.89153585954
3.06033525601
3.01837108633
3.07491792081
3.04167728707
2.95323356344
2.92999266939
3.16873427279
2.83474046549
3.18495495719
2.99902330308
2.9497526038
3.06379169333
2.96528906907
2.81348651907
3.09502052897
2.99326368117
2.72309951743
2.84363865116
2.82666400318
3.08976758625
2.98027360386
2.72903139259
2.93064011607
2.77285632919
2.91220815496
3.28057213604
2.98459424362
2.74905571027
2.88788817038
3.03535352071
3.06858205691
2.76361352663
2.93222086804
2.56848177814
3.01652070636
3.01085714172
2.73696240605
2.65084386185
2.84221914139
3.00532705483
2.97098682651
3.09428159332
2.74795143872
2.92450700478
3.16600520077
2.97809007826
2.84498773219
2.98355125956
2.94040112709
2.76985770838
3.00614909904
2.96448403433
2.81508063373
3.08150301224
2.82135412234
3.08814884396
2.81678506294
2.72620152204
2.90005351955
2.75108911219
2.76705566056
3.17475186558
3.05433888413
2.91616299559
3.07143529998
3.1142286825
3.03048131397
3.16133333865
3.06866636617
3.24318859528
2.87782686074
2.6760583045
3.08149130122
3.14373292074
3.20223742966
2.94443359958
2.89843157473
2.74569483617
3.06660199852
2.93224275272
2.96458135542
3.31105030733
3.09023764205
2.8941060221
3.30318008617
2.87731315327
3.10800036788
2.92697018404
2.90867795564
3.20423606363
2.9610249719
2.6120630544
3.11062013198
3.08968256241
2.95673370263
2.83573425992
2.7988735133
2.50675609094
3.27504918544
3.10051520394
3.25371895671
2.93285217099
2.90686826694
2.99725225346
2.62837616436
3.07669830808
2.79424611613
2.80107431133
3.1719390322
2.86469488405
2.75797657165
3.45820898175
3.39853184715
2.87031427658
2.96939708121
2.86496863958
2.93508935215
3.11143909335
3.0712636857
2.81256580782
2.95269668244
3.12427817512
2.99638579704
3.02000083071
3.09138393447
2.91491400154
2.62638771828
2.90386660083
2.99312460959
3.09140190342
3.13476006889
2.9289356205
3.07319301379
2.9211400459
2.82851154375
3.35221558881
3.0004439954
3.11093754478
3.08658629668
3.15900278732
2.9854804001
2.93443456388
3.03716178589
3.57908494087
2.92888936344
2.92900751187
2.75378620391
2.9282733472
2.66480140761
3.01082140899
3.10371474557
2.79284570824
2.99965580961
2.90969436795
2.88531075209
3.16152815959
2.98093813637
2.91030587883
2.86580029836
2.89223378055
2.79236042911
2.88074635006
3.16072178863
2.54521549492
2.78696199349
3.06509360717
2.73840574284
2.96512427256
3.02710152015
2.94949210728
3.01383784081
2.92544214769
3.23232419576
3.08231984599
2.8842185034
3.12540078594
3.03388965966
3.0553996733
2.85934044395
2.39596105477
2.61737012023
3.0252259742
2.97360095005
2.86575448634
2.89814557378
2.90111663413
2.94582168113
2.92557935944
3.09358963946
2.77556701536
3.11500374198
3.0250647409
2.98328871301
3.2682612211
3.02954580274
3.11217470291
2.74418264621
2.8435014669
3.21998488502
2.75430495511
3.19624051143
2.83320165983
3.07219821548
2.64970566629
3.00861703534
2.95618330996
3.15639701647
2.84235781404
3.07564421044
3.03901913799
3.09869895557
3.05164712803
3.29570915593
2.59784118415
2.87573004295
2.8961174822
2.83060610494
3.10703252223
2.71089764172
2.97009659354
2.83366918224
2.44916956948
2.96321343698
2.91065882167
2.5881525009
2.93041552284
2.9326740852
2.85215569945
3.11251013519
2.96832034752
3.30475230429
3.16924589393
2.93128770235
2.76695388798
2.80958265813
3.29021938813
2.84576923582
2.9734852286
3.13082692762
3.17185132848
3.20969325383
2.96949758503
3.04809223898
3.0901344844
2.93489228991
3.21895346737
2.74930548629
3.00240202942
2.95920112169
2.79121975867
2.70496536258
2.97606289586
2.70973260304
2.68683106475
2.85505899091
3.01606446913
2.71029253154
3.1148906903
2.76147884046
3.08091852978
2.80523192298
2.96290627575
2.64229980411
2.90998013008
2.66201417622
2.82606326245
3.18786575322
2.98321329454
3.13352523719
3.14661312073
2.88348415218
2.95652509937
2.78668768209
3.01180180813
2.75448596781
2.96544200484
2.84899045026
2.8885111554
2.80708554344
2.87835817045
2.90441284214
3.00799230619
3.2407204513
2.69594753835
2.73826665755
2.82326712202
2.84195138068
2.87304601292
3.03690055497
3.10392874505
3.12136024629
2.8688957271
2.8903804248
2.77365306205
2.77728116898
3.00446876568
2.93067180136
2.82353929609
2.86597506508
3.16166323437
2.50832159814
3.03120016526
3.20484819129
2.87032311144
2.91477854781
2.82361525835
2.52607889655
3.08902761665
2.65709711181
3.0475570977
2.49624351071
2.81422196841
2.81994672173
3.01337128243
2.64364065933
2.95454178911
2.87748057017
2.86646087699
3.08344122728
3.09772869338
3.13583327033
3.27501950964
2.98216276799
3.02511689372
2.78429688878
2.95104986468
2.67558875261
2.70505621959
2.923435102
3.04037674733
3.34847215594
3.22948033355
3.15573905906
2.771819041
3.01115336405
3.12652368158
2.76494170167
2.81890655553
2.85353797907
2.755876055
2.90136190361
3.02121033487
2.96731456184
3.00369348142
2.75355857366
3.17833617935
2.90908283246
2.89156719926
3.10124255095
3.00508093901
2.79890585688
2.81170669255
3.32785818087
2.72967498158
3.08518149433
3.06969936618
2.91096852243
2.85454849461
3.04356567359
3.01643769349
2.76684693377
2.72092100057
3.13189575924
2.90420804901
2.84246306422
2.57264340015
2.96697391626
2.91090940578
2.89910476078
2.83079209338
3.1069690581
2.85908831017
2.79893447365
2.90182965918
3.32027713938
2.97329677393
3.03880524841
2.61668881327
2.93801295707
2.82324361089
3.00562373139
2.72564698844
3.14237000172
3.27870633437
2.80659790272
2.87393370257
3.11483695859
3.08836203171
2.86047103311
2.95278233245
2.8977012036
2.98616864769
3.40248174347
2.99795869708
2.86787134026
2.90223663822
2.89476832761
2.81827992429
2.90837356398
2.85215010589
3.06677757207
3.04996951164
2.83161194378
3.01517306924
3.16826799846
2.94379649052
3.25279223193
3.04092464584
3.12062007578
3.05074816568
2.77058137675
2.94793654618
2.75735790801
2.78071539225
2.70841007142
2.83294540584
2.89689674856
3.21963538381
3.17394692627
2.72947635639
3.13873232134
2.9175442269
2.71486458838
2.88541015632
3.0270158886
3.00725272062
2.77871328358
3.28097482114
2.92133992831
3.0487478011
2.98200479273
2.75024086787
2.86843043602
2.69705050091
2.73098878211
2.91336810541
2.93035668495
2.82298562483
3.02675389345
2.81626363707
2.91963129425
2.65220729084
2.85828467
2.83771409249
3.09916479149
2.89247320013
2.967164939
2.94076018296
3.00883106136
3.11780911204
3.03048109299
2.86839403754
2.54877517369
3.21639633879
3.06347695848
2.94329292424
2.46439885026
2.9511965777
2.86964367643
3.09599075747
2.69367428194
2.84635119738
2.7411557793
3.08855206473
3.09480956398
2.94839703254
2.73724248545
2.99357063055
2.95641970193
2.94576861018
3.01943353854
2.76754635845
2.83343638982
2.92594029601
3.12632984999
2.80002080989
2.94327000391
3.2343463314
2.8163938221
3.06193004693
2.8269536825
3.03964759335
2.67778598441
2.93018516852
2.85747076544
2.86166765293
3.07845142348
3.16054334208
3.02646959111
2.67699350518
2.65758774644
2.92749343424
2.56047217253
2.71023580438
2.82161096694
2.81670733733
2.66224035794
2.93133380054
2.86967304583
2.33924315815
2.68209124474
2.64628487602
2.86896472548
3.0015872903
3.02174351507
2.79286455476
2.95096206491
3.13847518303
2.97950037123
2.80168759847
3.26705920243
3.10856859022
2.85905588999
2.89132217547
2.80715880042
2.96149931827
2.73021544139
3.18746501605
2.95197656131
2.61451696803
2.7105170355
3.01653126302
2.9387900992
3.00638614696
2.80887422532
2.91603278142
2.94611182754
2.97781833994
2.93538263884
2.67673028287
3.11181074767
2.883260913
2.82035915168
3.14132972355
2.81637035698
2.82905536538
2.89722640467
2.98460297412
2.79398490877
3.18458002774
2.7217499502
3.15381982079
3.25817746559
3.00920947975
2.84748452814
2.80980499625
3.05585505348
2.95526507217
3.00007059266
2.96494305894
2.87537279348
2.63741426173
3.2518305575
3.27713159074
3.04701303291
2.8685439529
2.98238713856
2.94545302226
2.76428442469
3.0461650933
2.9342372153
2.79432496046
2.9212705649
3.12768817614
2.6195307551
2.80593145318
2.89568285568
2.69983045672
2.71722774816
3.11033591454
3.16472271611
2.83792508811
2.83501124094
2.80734336755
3.18870302536
3.13175675443
2.69937037235
2.9051983981
2.82587104681
3.23509202535
3.04709188157
3.02954063644
3.01672485106
2.73048684317
3.04503085536
2.93746848957
2.98069077314
2.93767334823
2.99846684229
3.03127006397
2.86361734487
2.90221897653
2.93267150454
3.16019156168
3.2948216981
2.70204572773
3.18623137794
2.95002111186
3.07436657071
3.14556688657
2.95085104112
2.99045982382
3.01846446317
3.21617026804
3.16635864133
2.81035526282
2.97156437954
3.00773440723
2.64018502647
3.17051782103
2.91850925484
2.92851671211
3.06757717626
2.86150035973
3.02166477202
2.96061228736
3.0741068653
2.75764492595
2.88480445202
2.48165253209
3.05420115526
2.69208835959
3.15734820758
3.02203461163
3.37844068301
2.89937309286
2.94975165674
3.11888624464
2.97431468841
3.26784130889
3.31374922141
2.92834898876
2.91701087831
2.45825568721
3.17317289677
3.03028747615
2.87569974959
2.99049983026
3.03127083832
3.09244698364
3.04641453822
3.2202764367
2.79969754033
2.78035218719
2.99346420635
2.92110562903
2.88699597023
3.0405327083
3.22096787573
2.93671514075
3.10918898223
2.87122331016
3.03596087594
2.82595718285
2.85506415808
3.02151355904
3.14748461722
2.68202996098
3.03283029321
2.74814646856
3.04405893114
3.20502237418
3.13484067237
3.00582752913
2.89684241125
2.83626802538
3.26365938294
2.71209803519
3.09816686757
2.96767014736
3.03707773812
3.08016934158
2.88876078402
3.14049208894
2.8393261098
2.92981619972
3.19342052329
2.88477089685
2.8940650423
3.17708238891
3.04708578713
3.07041113052
2.66575060689
2.76670148584
3.04760169455
3.1307867651
2.9904712276
2.89219266348
2.66817460383
3.0652446797
2.79680644567
2.70655781043
2.93173864715
2.76002432685
3.12250891314
2.79132647961
2.95679334158
3.02476352221
2.81064789003
3.01975129634
2.85232379033
2.91626877691
3.14261283506
2.86731786627
3.04974909969
3.12966035958
2.94707873917
2.6405649308
2.93089324668
3.16314057751
2.81783788498
2.97290527262
3.0708370598
2.93830033623
3.31805893093
3.28794679807
2.77837386504
3.049648497
3.29457595927
3.01057244618
2.69664212736
3.09446810044
2.97659001787
3.04205683984
3.12272814292
2.79865695634
2.94732119842
2.90441943908
2.65354466817
3.14657242635
2.92542117596
2.88006334668
2.93514566633
2.87071158262
2.7134106241
2.92666052547
2.89546866433
3.01358756983
2.81452557124
3.0420271623
3.10677194153
2.9980483027
2.92456491049
2.76916046378
3.18026694289
3.12445222786
3.09835240312
3.03094387168
3.23111480163
2.8252748525
3.33119920178
3.0887364303
3.06926833919
3.05054249908
2.91561818127
3.0494232243
3.07402574082
2.94710372774
2.89888255179
2.83757187977
3.06602184132
3.04369584958
3.15003255837
3.17995671843
2.80924662572
2.82345921522
3.02915940432
2.98693313545
2.82879871038
2.90385338843
3.3490691577
2.95762567924
2.72630528493
2.93061996412
2.92187307751
2.92114750049
2.88948588105
2.91666548952
2.98290841135
3.1566703887
3.04004121642
2.71674887982
3.03112865609
3.01079434116
3.22405372532
2.87007328278
2.78820425686
2.73852621108
2.78367475528
2.80405924557
3.06768017036
2.74625532924
3.14512342669
2.98599605012
2.66537203737
2.89131564657
2.92034387866
2.70527674618
3.15486553766
3.39871562454
2.9704125644
3.05024732995
3.12438225491
2.76463046306
3.02367865656
3.05956807417
2.84120239258
2.72650552583
3.01387201589
2.97563727291
2.7495245586
3.13240370561
3.1264318569
3.05996825382
3.17976707292
2.80556284812
2.97186234085
3.2600439378
3.20342673925
3.27716368432
3.00459786518
2.78062373208
3.06702355939
3.15645230597
2.92252093682
3.07566537553
2.93665166673
3.11349324036
2.7863136442
2.81743095426
3.16030414048
2.95470802198
2.93896301045
2.84914606307
3.16590192629
3.21024535015
3.13691872138
2.88338796662
2.87030658336
3.08758136503
2.82404235266
2.84567836456
3.14596724652
3.24781939189
3.0019868432
2.86073622966
3.21084499717
2.80578241239
2.97552108228
3.07338134889
2.91404943851
3.04618480116
3.10683236974
2.71756666717
2.95266593215
3.14038703108
3.0940394977
3.03222019282
2.96679062773
2.79311358051
3.13346998471
3.11635934854
2.92213277449
3.34086209691
3.14072582531
2.94007061312
3.05022757199
3.04644875249
3.12574321465
3.11873236915
2.94090796676
2.82775816503
3.12890919435
2.89407526466
3.15025300787
2.91271262862
2.66271449676
3.0208367884
2.60750311784
2.87691516131
3.19467923047
2.98846494028
3.26967336139
3.00462858823
2.99665482332
2.96480940104
3.05103147601
2.94783066823
3.03190765837
2.9694252083
2.76183153196
3.11842474283
2.89513619363
2.75096178542
3.04152784197
2.86455317335
3.18362577946
2.92516263436
2.84091196159
2.85491336797
3.25805960903
2.84936340317
3.12208846739
2.97949188343
2.83234205115
2.72460452339
2.98548968132
2.8938377966
2.91464216244
3.00437104678
2.81909910282
2.78486606397
2.90009698679
3.04707193558
2.80114007343
2.79178090417
3.02658940412
2.74460739502
2.8315106684
2.9428832729
3.02662059028
3.05130341813
2.96533468033
2.96193619141
3.24377855836
2.73380364934
2.88096401471
2.91808832076
2.90552909432
2.81014855042
3.26679715411
3.05279208018
3.17225143448
3.03034072284
3.25145489766
2.79632627741
2.87299070887
2.8034782795
3.00574994898
2.8458516015
2.72749893685
3.10125722639
2.92297922812
2.78184363826
2.71122181268
2.87161900043
3.10150378439
2.71362651725
3.07769341315
3.08672006907
2.81725374554
2.91448512658
3.06385188377
3.11289646695
3.08642970587
2.76876553698
2.6238017891
3.30126361153
3.06683972797
2.89920348981
2.88132790837
2.78475273687
3.09577255821
2.80821303573
2.85750323252
3.13523658557
2.986738905
2.86658556397
2.97952940643
3.27374675278
3.06764469454
3.00109882684
3.03958944789
3.01704148306
3.13582268605
2.93765804167
3.19114643589
3.07477197874
2.8291452813
2.75940564965
3.05677284779
2.75582332306
2.88893241811
3.19289363527
3.25140016043
3.02377977158
2.89643563101
2.79961421993
2.76767182612
2.82643722245
3.32817203559
2.96724121732
2.92313199641
2.76620498997
2.90854066229
2.82836408748
3.11643480736
2.74569595179
2.49637794395
2.93401462197
3.1438059261
2.89385938287
3.01982621959
3.12237581131
2.88386371703
3.12458362883
2.73315146202
3.14023122559
3.02872343639
3.05299893031
2.99604588586
2.99912033811
3.16467691103
3.11992476678
3.0207195698
3.00958749008
2.83919108208
2.83618349378
2.95293188994
2.99203305301
2.85055263963
2.87270506574
3.0186991491
3.05673165855
2.51428905298
2.85663747111
3.17992216015
2.88446403152
2.75957811762
3.02809079526
2.81994120443
3.04135091355
2.71589108752
3.03366634661
3.18459337926
3.3045467957
2.72476038121
2.97603906073
2.97336859493
2.61001239258
3.16980936892
2.84462874961
2.9385360342
3.02618814844
2.85992430237
2.73153830284
2.64520584825
2.70345234574
2.84045994762
2.77592093548
2.9136386257
2.54090692867
3.07283052193
2.93935966316
3.00378688878
3.21905473951
2.8518359767
2.86276346464
2.77369662486
3.19587937845
2.90254333584
3.28655500905
2.96962007864
3.24642650388
3.13270451826
2.78387811927
3.28304809909
3.01423068821
3.0968457849
2.73607448396
2.66996417938
3.07611866261
3.50801891677
2.87651391011
2.83076674207
2.66765886912
2.90926604964
2.78608538768
3.23171254002
3.06254294741
2.72352791828
2.87009727508
2.65334531438
2.8170813891
2.82704526673
3.02259284574
3.14945873396
3.08316188411
2.93116367848
3.01766537169
2.79118915839
2.73219888783
3.0132071209
2.85525480877
2.87736586548
2.82035790406
2.98012930791
3.02224989083
2.89629481865
3.1008167447
3.08154201978
3.40981537798
2.76575490521
3.02296853381
2.71708473815
3.15850729908
2.73941795279
2.80337365775
3.18560662456
2.6184684623
2.82928951648
2.82784737322
2.78652962035
2.94203399771
3.09285981774
2.64319294056
2.96021312577
2.70837628073
2.68218609762
2.85634472769
2.82369659589
3.07065936993
3.03634055379
2.794910688
2.9038324592
2.78037054715
3.22245757654
3.05069670331
2.84963973218
2.8768961156
3.15919743048
3.04042793812
2.90344004543
2.72939973088
3.31262383649
2.71056982282
3.11013839452
2.83062580346
2.75960259579
3.00753303903
2.98632793531
2.99014580558
2.9802438291
2.88500120828
3.07420509566
2.92771528673
3.12998669004
2.7701283329
2.94750407243
2.74838088615
2.96220124005
2.74954294017
2.9576794685
3.19453291962
2.83936979699
2.84236913422
2.77427209885
2.85235932747
2.64978734681
2.78675306723
2.99558455679
2.94165594889
2.79119244821
3.05795359313
3.17981967413
3.03114565609
2.64301855932
2.83845930691
2.81500773555
2.73277236065
2.66139167799
3.11868256553
2.58953241093
3.03989152932
3.02356159204
3.08022097896
3.1095497617
2.61142173707
2.96790506934
2.77175558347
2.85941228627
2.85793107857
2.64896578597
2.64117318907
2.78555826281
2.74724699518
2.97196902545
3.0540996398
2.70785239165
3.18096626928
3.01363989605
3.0325307882
3.22049996378
2.90417691763
2.84335601397
2.93126049788
2.89403446621
3.05228630663
2.8265236268
3.11684369126
2.72449292308
2.75924226736
2.95946635249
2.83223266855
3.0283087208
2.70600112271
3.20263048977
3.10706606854
2.9283108242
2.9232135535
3.05886839184
2.80008543314
3.04596470928
2.94366913527
2.89929947683
2.71107506725
3.15316784663
3.04916810222
3.05170379533
2.77922920603
3.10356721556
3.01030079652
2.93142409006
3.25857214281
3.082917427
2.91934902336
3.16854321215
2.87746130508
3.12984807548
2.9373665985
2.98189394692
2.5095454119
2.74876099189
3.04981987712
3.04303667633
2.93585439803
2.7429816321
3.20627865264
2.74501644692
2.95416449529
2.86373703958
2.98597574085
3.16591330492
3.19943744479
2.95029273611
2.74248763883
2.80044563246
3.16030436438
2.90068393871
3.02105133201
3.22209669676
3.06256053817
3.05604538195
2.92959693618
2.97563145484
2.86604596594
2.80599866791
2.86036732894
2.99507955489
2.81521475327
3.292807383
3.0940354773
3.00629267089
2.94688984832
3.01809746382
3.01803550687
3.07507286984
2.88575865479
3.1097921479
2.97983303578
2.93835699314
2.65443388866
3.18411115807
2.8630211083
3.21472211127
2.96737571992
2.99797213838
2.82831423363
3.1294622027
3.24813631469
2.92022567134
2.74758497375
2.75450200498
2.64968409251
3.26276021405
2.86833755127
2.94091295224
2.82736656699
2.97227745216
2.77795219006
2.98653752698
2.75130207802
2.7668089575
2.97148686221
2.90892577773
2.87797066584
3.133868899
2.709430969
3.02244912675
2.92625380708
2.73812299874
2.83752650335
3.04813268119
2.95858164561
3.10558145984
2.95799629436
2.96252471857
3.20905593967
3.1253861333
3.00795264399
3.12793464385
2.65448550925
3.09319603834
3.16756038822
2.87886623985
2.69401405896
2.69983090556
2.73497899015
2.58992138277
2.94530846439
2.86654955253
2.62749059936
2.59689323761
3.13759285152
3.05054652163
3.53086601348
2.95615362822
3.04947973268
2.85161039121
2.9331567425
2.77269632393
2.93834495713
3.24503034125
3.02617208534
2.79797060195
2.87976557995
3.0404016424
2.73635193683
3.24136807534
2.76818095011
2.91575458859
2.66826603141
3.01020807511
2.96800977986
3.01346849462
2.84728084639
2.7618525589
2.86072589189
2.91711929427
2.97966855423
3.04979755837
3.20798636489
2.8379182255
2.98949879737
3.05175786725
3.05604851221
2.60816865945
3.10145854019
3.06463400187
2.94306532943
2.8890413599
2.96141437246
2.97441961384
3.03799038881
3.03986059605
2.90476481457
3.17161069858
2.94734617308
2.87743055475
3.05907116242
2.8932983686
2.70607701471
3.03829092446
3.00406105013
3.16756329571
2.64318036297
3.08742192551
2.55806238091
2.81154419008
3.04286462574
2.84303793955
2.96737612948
2.89694839084
2.61381414092
2.74065165749
3.02924672823
2.94455422378
3.35360298416
3.14412843375
2.87975133592
2.95876194297
2.9798716494
2.99360754471
3.06196858536
2.92537912485
2.95653318542
2.68123900211
3.23562206095
3.00479978977
2.72644107534
2.69858096313
3.24909648778
2.82279881108
3.08244490042
3.1745205162
3.04423353216
2.89370628895
2.69543611893
3.18633802444
3.32208411132
3.21179260525
3.21301794998
3.19698061757
3.10496000645
3.188242753
2.9194262716
2.72121170008
2.81915312172
3.18446884471
3.20897997989
3.02712244126
3.00640214235
3.10419892071
2.99622843775
2.73736080153
2.99605737989
2.87835703221
2.74676693679
3.06430935191
2.88999092379
2.77943817469
2.95560113536
3.02112640834
3.04452592164
3.01286319914
3.02926351304
2.78459255438
3.40642956871
2.95942906462
2.85687763372
2.92388814284
3.11000905675
3.10054536068
2.74567529394
2.77642063141
3.12829060729
2.73031961638
3.00511383866
2.67360228492
2.64539669518
3.06260708658
3.18875519109
2.94015383881
3.13877703288
3.07701668368
2.98337346691
2.71789229304
3.11584467101
2.83853441775
2.77244570309
2.86491442633
2.98696784478
3.2046480124
2.85033655237
2.62048255198
3.18624493089
2.80422455934
2.80605869927
2.67483685865
3.1238986496
2.67306029619
3.09654577884
2.64658839597
2.8946829609
3.0240737782
3.03518752375
3.35583955878
2.98963138631
2.70613073771
2.93666608416
2.77794845825
2.97224460804
2.84366246189
2.42505303058
2.74290999106
2.70976159264
2.8933335477
2.83056503712
2.85131211196
3.16123611292
2.94339149594
2.82342547087
3.11414821286
2.87270297718
2.99042535123
3.14535856289
2.65274632175
2.61320848717
2.8316070053
2.77153060029
2.94097845519
2.94703391206
2.93546444528
2.65854839931
2.71383103749
3.0214790197
2.8594799279
2.9792876285
3.17291917753
2.96079757136
2.5839251599
3.02954579625
2.95747463641
3.10981436861
2.7734270865
2.86278579642
3.02555570614
2.91472723377
2.90835733493
3.33068194833
3.11777151999
2.96052623168
3.06476265651
3.17738549322
3.06798309848
3.13913551879
3.11752719463
2.78896000299
3.13264817287
2.92974005988
2.74557923675
3.26706026188
3.18190187606
2.88491524908
2.84980864273
3.28255208598
2.89413581865
2.88989438899
3.16995161346
2.94261095378
2.92524654841
3.0927332758
2.93985052946
2.96159258391
2.91391771854
2.81213121496
2.77772786784
2.92208656316
2.9820318642
2.97883450596
2.62844365959
2.78440509211
3.26229786268
2.88578428984
2.88026362866
2.81490392666
2.66113842936
2.84370035718
3.1433534874
2.98065628961
2.70925961514
3.00575407565
2.70082606123
3.00029631665
2.98591307239
2.88258831613
3.01000520675
2.98903542854
3.05528649813
2.67381533831
2.79453503764
2.96989920984
3.050830089
2.90403094289
2.99197554885
2.9953837117
2.7683259597
3.03771423456
2.92145795573
2.91599178356
2.78236712098
2.89517852165
3.08951906168
2.88376789945
3.32298893452
2.74092595246
2.98781824154
2.85911115173
3.19068138352
3.18508982818
3.2094426862
3.05161808743
2.61563780792
2.77399495262
2.88911899906
3.04284116803
2.99733661853
2.99499224134
2.96026552254
3.06122337505
3.00293371376
3.28010185093
2.73641029179
2.88450068077
3.24502994999
2.78392141071
3.11026543052
2.93162947837
2.74861673999
3.16106538486
3.1862386087
2.95644665055
2.91893204297
3.10825904976
3.2456067739
2.76170610332
2.80712275162
3.0704004274
3.0369833257
2.82363714936
2.90126644416
3.0404243311
3.22456153557
2.92304693107
2.91890940757
2.92608334202
3.06674613069
3.23745166086
2.75497045457
2.68595777103
2.96622937657
2.82566547619
2.95640604125
2.80779985595
3.07052788328
3.02971052106
2.80973231895
3.03896838221
2.64412148398
3.0382644511
3.00929063083
2.79912927787
2.95968562928
2.83874988917
2.69705084008
2.85632635757
2.86305292495
2.83401376295
2.82783725297
3.007612239
3.10071663009
2.72173399073
2.87850786634
3.29914224871
3.21465791211
2.72183141702
2.84300231366
2.93114324382
3.11193656769
2.7984734506
3.08083713122
3.06795323738
2.94757302289
2.99088254525
2.70692416441
2.76543189567
2.85338563953
3.02951865059
3.13694321217
3.07517477755
2.81440767257
2.87071407574
3.06104263885
2.56435198647
2.78410940441
3.18189132807
2.91822370277
2.95753634246
3.06862797153
3.10049166092
2.828917909
3.17716585058
3.31896899644
2.80066261657
2.8630558195
3.22915179458
2.88798781729
2.83380165228
2.79538278072
2.83989151724
2.94418253906
2.79606635018
2.966774729
2.78268425152
2.82222478384
2.80141752124
2.8459934964
3.00033125243
3.21437736465
2.70778469773
2.91561290549
2.93827860573
2.64835899395
2.98612181458
3.02433040096
2.66109575431
3.42486167005
2.96612535758
3.0997090186
2.92860284984
2.65827145778
2.78608419636
3.01461650032
3.18427265768
2.81212543696
2.9010290326
3.13477896376
2.79135416305
3.036985568
2.90903771316
2.91282654797
2.93160996827
2.78934709944
3.00150745583
2.85816990018
2.91581752726
2.80616825061
2.98775756377
2.83806154284
3.03957962488
3.16861116627
3.23141816205
2.7883070388
2.64317919229
2.87799788964
2.67141524439
2.94848776731
2.58218672927
2.75391482322
2.81209662607
2.94627070126
2.67113386846
2.61715994282
2.75064564255
3.01678169963
3.12978347644
2.63917112774
2.68802623092
2.9444352245
2.93821687627
3.13899915305
2.8000514366
3.25885432433
3.23834018894
3.00086406998
2.98613455983
2.80180847305
2.71674182689
2.89782946387
3.05022481441
2.86289632496
2.98524461751
2.82771150343
3.04541604781
2.95135858066
2.93189449725
3.31048583892
2.92163942063
2.73456201778
3.00500128414
3.14068225014
3.29669133089
2.88127900386
2.88259081116
3.16041764194
2.83184277841
3.20612278259
3.05414195135
2.68882166363
2.80239013495
3.12952471718
3.05761987701
2.76859925044
2.6587931969
2.8726632638
3.43804390281
2.63104772756
3.10968518455
2.9582457993
2.95493909718
2.82207870702
2.917310865
3.37625325139
3.10773893096
3.19692689462
3.01916742666
2.9224765223
2.90966478524
3.05705031727
2.97985481203
2.82096146286
3.15722376864
2.63622370721
3.00202837318
3.03982058524
3.09613313165
3.09220727403
2.81168637019
2.88875981593
3.23730636097
3.07880761223
3.17549843095
2.81443177545
2.84177687316
2.94065576048
2.98036803521
2.99410512634
2.61912109509
3.09675571653
2.87901643783
2.81732030982
2.65127261899
2.83604561406
2.94546889506
2.87089543973
2.71396329622
2.74527219756
2.71360522503
3.04545145122
2.89820071468
2.5814115086
3.26061812887
3.09673001301
3.09527736391
3.00086958945
2.94921550421
3.31952901544
3.04782882138
2.93912859665
2.9152989006
3.12662903449
2.85479094763
2.7274574028
3.06029524371
3.08801716526
3.10125066289
2.84769144031
3.07730215746
2.84021286373
3.0952653989
2.96740269855
2.8582821393
2.87092710529
3.29761953838
3.05703673421
3.13380027956
2.85406969503
3.12620491974
2.82038644001
2.61010374933
3.40334657843
2.95579447503
2.90603633307
2.71005138579
2.58891736373
2.88757955968
2.79831474206
2.84158186561
2.95241665544
2.36283795093
3.08417532602
3.10140617667
3.01179622129
2.99261443567
3.28513477501
2.76723281313
2.75675486054
2.86112893558
2.89583229122
2.78557723674
2.87690365729
2.91715493689
3.0112224333
2.94259459351
2.85745412897
2.80275603816
3.02605701271
3.12447302644
2.68616157103
2.55389973864
2.97857231748
3.02217982192
2.86133392115
2.90688464321
3.0337001178
2.85936818513
3.02847558102
3.06597589321
3.02143691899
2.80666744033
2.92367956139
2.81195362949
3.07287158987
2.89217396626
3.07456409858
2.87151511852
2.83644566838
3.07370435742
3.10058421683
2.98048124199
3.08186265862
2.85774742785
2.84085060963
2.5101204682
3.15147445008
3.02562927474
2.74191517229
2.99686714539
2.93237698965
2.87983464606
2.89526658303
3.04994561316
3.0718566028
2.8266484132
2.97047487549
3.22397437142
2.92648474938
2.90225863707
3.06984505242
2.72602432846
3.18242640114
3.15840750229
3.44625677216
3.1492503224
2.84994391185
2.8915385337
2.88285146502
2.57730409506
2.78696788919
3.07095537302
2.85084489492
3.07902298748
2.82491179179
2.79918847756
2.67700480692
2.81364904574
2.86895789509
2.87087002407
2.55302714427
2.97122879742
3.12114274772
2.91002410021
2.71148929356
2.94565885115
2.77314560337
2.96292825395
2.88681994215
2.8599288456
2.61476701625
2.96821041241
2.95164645164
2.61639790821
2.76247110197
2.79701956862
2.72049586424
2.81102538007
3.14776265633
2.76735451019
3.09019306733
3.1241422399
2.64554435672
2.9450539688
2.95441065966
2.87664037961
2.68349532534
3.03112360235
2.89598506075
2.94278377314
2.95301233536
2.84528317626
3.01722924024
2.91912634277
2.65595397191
2.65886726987
2.83334724081
3.110063912
2.77764955039
3.19212787229
2.82811698341
3.07481872475
2.80396353899
3.15755196373
2.48710979699
2.64540372726
3.16194176039
2.88043477526
3.16231668191
2.92543436614
2.83821773882
3.15351827839
2.77275367741
2.84572219366
2.78013930656
3.37171443962
2.93883959727
2.81930840337
3.03857553971
2.82214535576
2.83539854158
2.92870524865
2.8079786379
3.07139741594
3.1042058935
2.9454561176
2.67884619653
2.7609076872
3.2068407398
2.99650179614
2.94986923417
2.75714496073
3.06444601297
3.20040145555
3.0056488356
2.98553320843
3.1288481746
2.72541969936
3.04376029387
2.8718365908
2.98864391844
2.8207644603
3.12460175556
3.01200407341
2.89991325095
2.6361135457
3.07673177639
2.68536395401
3.03561152825
3.13248447731
2.96606614779
2.70492978205
2.76708355682
2.87846716321
3.20908279827
2.90173968384
2.78386531505
3.16333804476
2.99670119959
3.03225110084
3.12655866565
2.87833283846
3.01810805185
3.306534812
2.89666839169
2.90617608328
2.94698507851
2.78366162567
3.06090507811
2.97126938127
3.06085199539
3.17383377877
2.80096102774
2.60577172363
2.89942448924
3.08041158749
2.80770151812
2.79206002854
2.98846114711
3.09907378067
3.26812992153
3.10089601456
3.01381386361
2.92529035757
2.74951746885
3.30794106026
2.78191924891
2.9095157861
2.99533838621
2.94379677962
3.14671839899
2.87138407901
2.9379509148
3.09881554466
2.74679100254
2.93279291162
3.08127157269
2.74417916556
2.69324026731
2.80953252512
3.32336172451
2.82824603419
2.94891595265
2.79677476412
3.08472326651
2.81849685374
2.99100930002
2.92470062314
3.0401435589
2.97025383696
2.85877635039
3.07181752813
2.98804863465
3.18453828678
2.61503395094
3.02563574472
3.27591384554
3.19244671609
2.68595808335
2.70190513277
3.11026494201
3.04815690601
2.88812295444
2.98029871912
3.06831703626
3.1361726869
2.85974217123
2.67134668744
2.7959173629
3.02964400256
2.90015119219
2.85251250228
2.61086625053
2.97660102074
2.9072703153
3.17291377279
2.92776136304
2.91678359678
3.11752539124
3.02376411021
2.90513368861
2.84526505135
2.77611548622
3.07194238067
3.13403486621
2.97216152769
2.81117604692
2.98724689709
2.89574199317
2.89585292464
2.94606160538
2.99671021217
2.90857741703
2.74412067947
3.23695438404
2.7393952218
3.18337755027
3.1206814305
2.93082635024
2.89991701227
2.87005998175
2.85714413416
3.03178816478
2.63316803919
2.83077373447
3.03139251599
2.88115753898
2.86061106241
2.68916487579
3.02705148503
2.84925608788
2.77899331892
2.86931337394
2.76362963389
2.98325586812
2.87685459866
3.01623527049
3.01455883108
3.17351357809
2.71464719057
3.21114496386
3.12038268127
2.97086658327
3.0810010327
2.82653822863
2.8137144593
3.46442231962
2.89700250337
2.9546617569
2.98410387777
2.94561335495
2.83174483518
2.73820891973
3.09000186926
2.90288602474
3.126505202
2.73914878507
3.04121920201
3.00573230378
3.30483254488
2.88344458659
2.97030102912
2.94744074951
2.9463482763
3.34365718681
2.97602508149
2.84045357582
2.91634824729
3.1878210597
2.94487985581
2.66489081465
3.00580945075
2.84620822901
2.89455014873
3.07063381827
3.22546692301
3.13669120151
3.137577281
2.94774411599
3.13050479168
3.00459289233
3.11276229492
2.94868693909
3.23570774297
2.6289521078
2.94413988844
2.71620642719
2.92315505035
2.52886112198
3.14881017676
2.75926100402
2.80447559252
3.18686428972
2.69635582681
3.04238134438
2.93371623762
2.57789086437
2.86070943362
2.87636184968
3.04072051612
2.78187539451
2.87240265374
2.91239097835
3.22459415686
2.98498545811
2.8283156701
3.04250721984
3.13328160593
2.87023998669
3.09247494966
2.72407967284
2.94996978612
2.98283192061
2.89264832851
3.07350849201
3.24310740198
2.82282695958
3.19130414513
3.08416304839
2.93751063135
3.05790506603
2.83368229227
3.03996319591
2.94842845407
2.66398904611
2.80620283449
2.9621889388
3.27876058316
2.73992261535
3.00380995388
2.97835000345
3.00089222804
3.08877420458
2.81086155537
3.02555164847
2.83264673647
2.67783705944
2.82249288577
3.12825021505
3.08555347739
2.56951204693
2.93444639029
3.05666952656
3.12169074985
3.36913813429
3.18300785312
3.29955343939
2.81031707275
2.71324440159
3.10734973672
2.79962136789
3.38453007567
2.85523436412
2.89420683011
3.0038088067
2.92133224416
2.94829718678
3.29684551196
2.72611091909
3.00998575361
3.0818671822
2.83274184161
3.10238886288
2.98171674608
3.04259267835
3.15603042075
3.17937564293
2.86011530265
3.18407980634
2.90843169719
2.82619709551
2.87789911015
2.82890394878
2.98445023239
2.92904060684
2.7428214024
2.84683697194
2.63721749218
2.69602838834
3.02848063515
2.79279385343
3.10133829735
3.28040963759
2.79913127613
3.2533597367
2.83844133353
2.93196630886
3.08572001335
2.91767004807
3.04963075408
3.19151860583
2.68642106633
2.70945667759
2.54017800005
2.88020858079
3.0581846074
2.94073872405
2.88255267596
2.8588051644
2.95641917095
2.73869309437
2.95235972738
3.40901470806
3.01020035173
2.93083765304
2.93206438513
3.01847825734
3.04914255048
3.18858186188
2.92626634745
3.18891196483
3.04682944794
3.4531162931
2.83276907106
2.76564661549
3.04872244002
3.00782754612
2.9859736432
2.66826299232
3.2141238817
3.11271667926
2.82102341972
3.11905439468
2.94562922798
3.18464493312
3.04875502039
2.77803741625
2.88167921352
2.97812891659
3.39451535277
2.9176935477
2.9243503266
2.81949627241
2.68861015622
2.86965132797
3.19343577527
3.41255489056
2.89318766862
3.04690085566
2.99147382537
3.0916795011
3.26354790676
3.1398892936
3.01779301932
2.77381701742
2.84503324483
2.96937140004
3.03440852962
2.92855204579
3.28935756373
3.09751638198
3.18762664649
3.03404141809
2.96944991103
3.01133684005
2.90860324486
3.04180586611
2.90848331079
3.33184967829
3.09832773997
2.95169450381
3.39242169943
2.98569784617
2.66618442194
3.0274851031
2.93636735751
3.22937003285
2.8965696985
2.99749446034
2.9346349701
2.76085687567
3.11804158898
3.06225151585
2.81933567506
3.13412670252
2.8320913455
2.88133569613
3.21038474892
3.22104045889
2.89340853386
3.00941841839
3.01401102218
3.12331767043
3.02521609114
2.97955279155
3.06944855596
3.23056395747
3.3684404518
2.69625857309
3.13251536457
3.1024357529
3.27669373488
3.15440470207
2.93422613822
2.94039899454
2.87788265842
3.24434705
2.95682294919
3.01320470759
3.09355402581
3.21810944749
2.91540022342
3.14160419685
3.03376341413
3.08540514579
3.0519424645
2.96116842443
3.05967972459
3.21331782624
2.73402208225
3.00495426248
2.80900247617
2.77214548492
3.23861240137
2.8669682638
2.96526519968
2.76390697055
2.95337153426
2.93087184858
2.8183465635
3.32362038171
2.86949050334
2.98717185439
3.09797344938
2.9278280912
2.93039874272
2.80896475628
3.23208710314
2.91550436021
3.13912654404
2.81152264751
3.12339089181
2.93181653091
3.23848217545
2.80689533937
2.78737235086
2.74288000271
3.16155195117
3.02199516326
3.0384982557
2.59253201233
2.75757044311
3.20296357191
3.33408994995
3.09993237314
2.70765392882
3.28364330521
3.29103590962
3.00044407317
3.01616359739
3.07767377698
3.09611019073
2.83445614272
2.94400475946
3.14601279776
3.11358993535
2.80280224371
2.98360813735
3.03119696341
2.90193518199
2.80361148337
3.0316720833
2.96593119544
3.08867214537
2.81938530831
3.03025424911
2.96933396356
3.00962468691
2.93101673546
2.66911458427
2.88357524596
2.95985434923
2.96127961846
3.2172829835
2.70321672997
2.84170286626
2.71292683393
3.09160864887
3.28161272696
3.34902142556
3.09233561793
2.66373145375
2.77109405859
3.19205920628
2.97296697497
2.62897109072
2.96600696453
2.98660937482
2.87061917777
2.85685383397
2.92923256981
2.9502504392
2.99293650511
3.02182434474
2.71224100396
2.97686412962
2.83017153633
3.10894122843
2.98054950269
2.82938994077
3.12352134147
2.87549069978
2.9135067068
2.98430777904
2.75178639005
3.1002520086
2.89158138584
2.63156602223
2.89535249539
2.79395160492
2.94116948417
2.83380729023
3.06790522997
2.99696319453
2.94307632379
3.12942464665
2.80585161188
3.29211799043
3.00231916976
3.37328529766
3.12005188744
2.97965064676
3.17239740404
3.11362990381
2.6833770822
2.80543043026
2.75101732792
2.85963654271
3.24923040475
3.18196321671
3.20062179792
3.04267187931
3.19692348494
2.91039298688
2.67431134696
3.12031868859
2.73247421685
2.72060650645
2.79269906265
3.36409007701
3.07078791346
2.74249479021
2.97763217576
2.78733246277
2.95243659063
2.72942609404
2.85756689349
2.98635457593
2.70553102377
2.86382060383
2.90957068244
2.82041705756
2.87215991004
2.96584577559
3.25545258845
2.90363298929
2.6521351542
2.86723109789
3.09495148906
2.84668173343
3.32837103501
3.140494782
2.77838591568
2.73366454719
2.93351073945
2.8395813515
3.04643845384
2.90670678857
3.05562340733
2.545299171
2.99139664897
3.1211341511
2.9400826669
2.85811031534
2.93268321326
2.52641222595
3.04563544583
2.97152366927
2.83845669889
2.94651186423
2.98849325556
2.87097532555
2.84964370281
2.77179644452
2.86251299244
2.7247955254
2.86040148954
3.05970855951
2.8848907185
2.76587976891
3.00313298777
3.15857281189
2.81962233612
2.88654724634
3.10052271341
2.72536053556
3.16731576358
3.0165875921
3.22720949444
2.62051253474
2.75788599975
2.89230424856
2.91978791612
2.88482647407
3.11882409425
2.78683176941
2.80746856256
3.09453279169
2.75885787106
3.03947457503
2.85744739619
2.99032389736
2.691689255
3.26516761045
2.87873917185
3.11415030922
2.66483529086
2.93923644428
2.65846666557
3.31924255309
3.03352089164
2.79679661244
2.86873717591
2.93809361331
3.0332775984
2.86002866784
3.04498462415
2.78005391701
2.95474165252
2.70911357671
2.84676401566
2.81271216169
2.78975839356
2.92479193249
3.03387252192
2.72982749501
2.98631025784
2.79389662865
2.67754519297
2.69006023341
2.76479845232
3.02546174495
2.58831010599
2.98390488021
2.83252229615
2.86150466731
2.61397387412
3.1090302694
2.65708743805
3.01899551935
3.19189748214
2.69427924332
2.82957363066
3.00282484289
2.70724347265
3.04443334524
2.606188145
2.60223289244
3.37180749217
2.87479293902
3.09487107371
2.80531316231
3.11727077585
2.70516506492
2.9142358094
2.85184994289
3.08925527671
2.85655404136
2.98110022616
2.84671607718
2.83954618673
3.26085089076
3.12154778036
3.00126400614
2.80721239746
2.82236391954
2.97028570858
2.77062336674
2.94036387506
3.0788727724
3.17792706576
2.69913880388
2.92785901469
3.01790533294
2.74823021263
2.85471826831
2.82472415084
2.67746011363
3.16024055906
2.6375150781
2.80514749807
2.88502768472
2.71071142609
3.03704839993
2.81805262583
3.12453540254
2.99973675273
3.3091498684
2.8822661977
2.80450257206
3.14187162754
2.80030527933
2.92768664441
2.69204803436
3.02196668918
2.85081178135
2.92303609946
2.9631563493
2.87668683188
2.98794337612
2.95944825627
2.84146305138
2.91137282579
3.06364995646
2.91688768034
2.80309960057
2.71238469122
2.8771583963
2.98793207724
2.67882971059
2.85019353703
2.72800984345
2.71809532419
3.00326846085
2.92793125094
2.79486372063
3.05913139746
2.86624088526
2.78738182765
2.98737012371
3.02825216357
3.14373078848
3.15553965244
3.21572118042
2.9882701444
2.95306733401
3.07930772187
3.0431438791
2.53505720158
2.9567695168
2.91685013255
2.94529124922
2.91605784164
2.93373277976
2.68178112949
2.70762566888
2.87745631075
3.27710127853
3.22891121967
3.06973852292
2.92444180182
2.52263578723
2.82274210334
3.2968564332
2.7969104737
2.95951747508
2.62828985909
3.15328002156
2.9011412175
2.95017106894
3.13040847325
2.8389097475
2.66560866977
2.74041514604
2.99826569033
3.19224352024
2.69040552843
3.07901558352
2.97254578906
2.89155470589
2.9119710042
2.84217630878
2.89112091859
2.85189535025
3.06132236333
3.15786934647
3.15025480564
2.90296103831
3.15133634204
2.8598274793
2.88011605503
2.7360563971
2.94719780189
2.95772292854
2.82850019646
2.86651312636
2.93722709024
3.06194544278
2.9736734222
3.0883737344
3.14121458723
2.82944520186
2.73930612272
3.14015179758
3.13760593037
2.66954064624
2.77691247727
3.35888109441
3.15901953125
3.22598887545
2.61102695498
2.88998319578
2.91768561271
2.89559614913
2.84856126566
2.85732046786
2.8939685508
2.76124762218
3.01623795222
2.79231258658
3.07643592063
2.94026681773
2.8238451781
2.75809347779
2.46727543902
3.07557532167
2.75954235221
2.98418207064
2.80697272362
2.93964271393
3.27141632041
3.02018314126
3.07926835479
3.13649924172
2.74302578208
3.40618844417
2.89390292762
3.22413346738
3.11946305326
2.93493983625
2.87262752949
3.02480814025
2.64976721877
2.73512851615
3.19838754022
3.07476544708
3.38989086615
2.78887219505
3.11370721376
3.13323411128
2.64530474462
2.87588259345
3.10809745142
3.20032024749
3.3051375397
3.0856924457
2.97317900795
2.87238251792
2.90680549306
2.72666910648
2.86231906787
2.90805259618
2.86810603751
2.8877003537
2.94743035525
2.99205001201
3.2538945988
2.94351161116
2.87338402538
2.98380013767
3.21344906506
2.79779378921
2.65446516459
2.49962262547
2.70591493407
2.8291099087
2.68721788102
3.18507180318
3.18975248519
2.90962378822
3.3192984955
2.63538619283
2.96846989882
2.77177287138
2.63540247546
2.57772285627
3.03284099792
3.02726189734
3.18309098077
3.06692539445
2.53084878163
2.7940571858
2.91796402627
2.98245659718
3.19051112345
2.95026807204
2.96372470567
3.04512916249
2.89469243741
3.19861091457
2.92223764546
2.6025011128
3.11402406314
2.96405353463
2.75281368211
2.59237570165
2.54890752643
3.14327034554
3.02234365579
2.88671974936
3.01532957885
2.99958638239
2.88390536447
2.56995956802
2.92692793879
2.83533949427
2.86757215589
2.65951054277
2.99685601653
2.84136532199
3.11297191994
2.74991811147
2.83868351461
3.07145869903
3.03273588136
3.10462318498
3.00922823629
2.89432353505
2.98357117051
3.24847790372
3.02529838458
3.1095940083
2.94706165151
3.28078395012
2.8513665888
2.99830215919
2.9566433832
2.76235761705
2.65663316263
3.10290809922
2.79693510829
2.43147970034
2.74749366938
2.7926469132
3.00480036014
3.03633849834
2.7203870616
3.05051560336
3.06987185623
2.87440502021
2.86221242136
3.01977474381
2.4908483614
2.83026326394
2.9042672119
2.95607306422
2.87403017327
2.78203163532
2.98362272125
3.01359338471
3.18513812572
3.02365643138
2.66899412735
2.78372545272
2.61282119648
2.8092376873
2.74939550491
2.71435063995
2.74815020935
2.9335363148
3.17939241287
2.84070721249
2.70195100679
3.33193050648
2.90763037257
2.85995432043
3.06812049647
2.8612992053
2.93756603472
2.92170706512
2.80980604395
2.95795528653
3.01830951557
2.94254873273
2.95118098328
2.73184481302
3.27818170571
2.89418582754
2.78010000813
3.28117504126
2.82750730643
2.96760612932
3.01155917214
2.89061173259
2.83993259206
2.90903636178
2.64387987685
2.72540985833
3.42328323463
3.16157394576
2.80168242982
2.83413355877
3.04329253861
2.81310148141
2.55173962264
2.80342000687
2.43329413481
2.71739600837
3.31309432894
2.6854447118
2.97455226831
2.92423862457
3.10897402205
2.86786478868
2.61031727409
2.90919613761
2.72024866928
2.89251577792
3.04615435912
2.92924844228
3.03922461659
3.14713003406
2.93083883485
2.93722196878
2.79749355204
2.94187795287
3.07321948107
2.94150937055
2.92022595228
2.81802684902
2.70458337741
3.114835778
2.82208527961
3.05414436235
3.00737930489
2.72035898091
2.7979877549
2.98548713109
3.14493282214
3.19025789988
2.59751647158
3.09762330271
3.19590984085
2.9127546649
2.8953625866
2.73084723058
3.16751361045
3.16541793142
2.7920399166
2.68823760901
2.96949278992
2.74131310925
3.09297227731
2.80067265075
3.14580721924
3.19491498174
3.07831817745
2.90267350204
2.92839553243
2.90141532679
2.54113277856
2.83319908522
2.75369502263
2.84809666276
2.8451669181
2.88800082698
3.18149482322
2.81027277432
2.96828730208
2.96959998128
3.37684335507
3.08881775153
3.18909312749
3.06273851094
2.63506029688
2.76032827336
2.71888253652
2.78932890889
3.11011641045
3.2269058958
3.11711548866
2.99683527006
2.76099893336
3.17947533503
3.43691029562
2.80455658291
2.88714978996
2.81562407702
3.08912322448
3.18542647311
2.86139367925
3.15929462534
3.1577474167
2.69128896379
3.0576951604
2.82873393023
3.15567737891
3.27239200619
3.03346448174
3.06445464048
3.05054358488
2.93728703064
3.07726614347
2.7148991532
2.81904016255
3.29384254518
2.78477756688
2.73174295674
3.08157509357
2.75843880108
3.30744741853
2.94120194481
3.36734039332
2.76469216888
2.89052637914
3.09140406458
2.96215360776
2.99914817244
3.24997120754
2.60944253138
2.91775495355
2.95951410425
3.01601663241
2.78406286445
2.99970182221
2.82010060257
3.24952495748
2.93574910329
3.11147040443
2.88437900436
2.9244100278
2.95950974093
2.88921151437
2.79017835517
2.7278886947
3.12877462538
2.66781338227
2.9683513055
2.77506587431
2.73604310447
2.94695435263
2.84941285066
3.51055532968
2.9319458454
3.10187092328
2.99772723842
3.09100852916
3.06659909058
2.53580570096
2.7949011019
2.92441075745
3.06191836753
2.72200341062
2.91920955122
2.75081467322
2.91546151254
2.89040466718
2.76678829205
3.20562287563
3.08326207277
